24
5000.000000000000000
-5000.000000000000000
-5000.000000000000000
5000.000000000000000
5000.000000000000000
-5000.000000000000000
-5000.000000000000000
5000.000000000000000
-5000.000000000000000
5000.000000000000000
-5000.000000000000000
5000.000000000000000
-5000.000000000000000
5000.000000000000000
-5000.000000000000000
5000.000000000000000
5000.000000000000000
-5000.000000000000000
-5000.000000000000000
5000.000000000000000
-5000.000000000000000
5000.000000000000000
-5000.000000000000000
5000.000000000000000
