24
-15000.000000000000000
-15000.000000000000000
-5000.000000000000000
-5000.000000000000000
-15000.000000000000000
-15000.000000000000000
-5000.000000000000000
-5000.000000000000000
5000.000000000000000
5000.000000000000000
5000.000000000000000
5000.000000000000000
15000.000000000000000
15000.000000000000000
15000.000000000000000
15000.000000000000000
-15000.000000000000000
-15000.000000000000000
-5000.000000000000000
-5000.000000000000000
5000.000000000000000
5000.000000000000000
15000.000000000000000
15000.000000000000000
