2 0.0
3762
1446 4
1445 4
1448 4
1447 4
1450 4
1449 4
1452 4
1451 4
1454 4
1453 4
1456 4
1455 4
1458 4
1457 4
1460 4
1459 4
1462 4
1461 4
1464 4
1463 4
1466 4
1465 4
1468 4
1467 4
1470 4
1469 4
1472 4
1471 4
1474 4
1473 4
1476 4
1475 4
1478 4
1477 4
1480 4
1479 4
1482 4
1481 4
33668 2
33667 2
33666 2
33665 2
33664 2
33663 2
33662 2
33661 2
33660 2
33659 2
33658 2
33657 2
33656 2
33655 2
33654 2
33653 2
33652 2
33651 2
33650 2
33649 2
33648 2
33647 2
33646 2
33645 2
33644 2
33643 2
33642 2
33641 2
33640 2
33639 2
33638 2
33637 2
33636 2
33635 2
33634 2
33633 2
33632 2
33631 2
2133 1
2223 1
2313 1
2403 1
2493 1
2583 1
2673 1
2763 1
2853 1
2943 1
3033 1
3123 1
3213 1
3303 1
3393 1
3483 1
3573 1
3663 1
3753 1
2132 1
2222 1
2312 1
2402 1
2492 1
2582 1
2672 1
2762 1
2852 1
2942 1
3032 1
3122 1
3212 1
3302 1
3392 1
3482 1
3572 1
3662 1
3752 1
2131 1
2221 1
2311 1
2401 1
2491 1
2581 1
2671 1
2761 1
2851 1
2941 1
3031 1
3121 1
3211 1
3301 1
3391 1
3481 1
3571 1
3661 1
3751 1
2130 1
2220 1
2310 1
2400 1
2490 1
2580 1
2670 1
2760 1
2850 1
2940 1
3030 1
3120 1
3210 1
3300 1
3390 1
3480 1
3570 1
3660 1
3750 1
2129 1
2219 1
2309 1
2399 1
2489 1
2579 1
2669 1
2759 1
2849 1
2939 1
3029 1
3119 1
3209 1
3299 1
3389 1
3479 1
3569 1
3659 1
3749 1
38247 1
38589 1
38931 1
39273 1
39615 1
38246 1
38588 1
38930 1
39272 1
39614 1
38245 1
38587 1
38929 1
39271 1
39613 1
38244 1
38586 1
38928 1
39270 1
39612 1
38243 1
38585 1
38927 1
39269 1
39611 1
38242 1
38584 1
38926 1
39268 1
39610 1
38241 1
38583 1
38925 1
39267 1
39609 1
38240 1
38582 1
38924 1
39266 1
39608 1
38239 1
38581 1
38923 1
39265 1
39607 1
38238 1
38580 1
38922 1
39264 1
39606 1
38237 1
38579 1
38921 1
39263 1
39605 1
38236 1
38578 1
38920 1
39262 1
39604 1
38235 1
38577 1
38919 1
39261 1
39603 1
38234 1
38576 1
38918 1
39260 1
39602 1
38233 1
38575 1
38917 1
39259 1
39601 1
38232 1
38574 1
38916 1
39258 1
39600 1
38231 1
38573 1
38915 1
39257 1
39599 1
38230 1
38572 1
38914 1
39256 1
39598 1
38229 1
38571 1
38913 1
39255 1
39597 1
3857 1
4199 1
4541 1
4883 1
5225 1
5567 1
5909 1
6251 1
6593 1
6935 1
7277 1
7619 1
7961 1
8303 1
8645 1
8987 1
9329 1
9671 1
10013 1
3856 1
4198 1
4540 1
4882 1
5224 1
5566 1
5908 1
6250 1
6592 1
6934 1
7276 1
7618 1
7960 1
8302 1
8644 1
8986 1
9328 1
9670 1
10012 1
3855 1
4197 1
4539 1
4881 1
5223 1
5565 1
5907 1
6249 1
6591 1
6933 1
7275 1
7617 1
7959 1
8301 1
8643 1
8985 1
9327 1
9669 1
10011 1
3854 1
4196 1
4538 1
4880 1
5222 1
5564 1
5906 1
6248 1
6590 1
6932 1
7274 1
7616 1
7958 1
8300 1
8642 1
8984 1
9326 1
9668 1
10010 1
3853 1
4195 1
4537 1
4879 1
5221 1
5563 1
5905 1
6247 1
6589 1
6931 1
7273 1
7615 1
7957 1
8299 1
8641 1
8983 1
9325 1
9667 1
10009 1
3852 1
4194 1
4536 1
4878 1
5220 1
5562 1
5904 1
6246 1
6588 1
6930 1
7272 1
7614 1
7956 1
8298 1
8640 1
8982 1
9324 1
9666 1
10008 1
3851 1
4193 1
4535 1
4877 1
5219 1
5561 1
5903 1
6245 1
6587 1
6929 1
7271 1
7613 1
7955 1
8297 1
8639 1
8981 1
9323 1
9665 1
10007 1
3850 1
4192 1
4534 1
4876 1
5218 1
5560 1
5902 1
6244 1
6586 1
6928 1
7270 1
7612 1
7954 1
8296 1
8638 1
8980 1
9322 1
9664 1
10006 1
3849 1
4191 1
4533 1
4875 1
5217 1
5559 1
5901 1
6243 1
6585 1
6927 1
7269 1
7611 1
7953 1
8295 1
8637 1
8979 1
9321 1
9663 1
10005 1
3848 1
4190 1
4532 1
4874 1
5216 1
5558 1
5900 1
6242 1
6584 1
6926 1
7268 1
7610 1
7952 1
8294 1
8636 1
8978 1
9320 1
9662 1
10004 1
3847 1
4189 1
4531 1
4873 1
5215 1
5557 1
5899 1
6241 1
6583 1
6925 1
7267 1
7609 1
7951 1
8293 1
8635 1
8977 1
9319 1
9661 1
10003 1
3846 1
4188 1
4530 1
4872 1
5214 1
5556 1
5898 1
6240 1
6582 1
6924 1
7266 1
7608 1
7950 1
8292 1
8634 1
8976 1
9318 1
9660 1
10002 1
3845 1
4187 1
4529 1
4871 1
5213 1
5555 1
5897 1
6239 1
6581 1
6923 1
7265 1
7607 1
7949 1
8291 1
8633 1
8975 1
9317 1
9659 1
10001 1
3844 1
4186 1
4528 1
4870 1
5212 1
5554 1
5896 1
6238 1
6580 1
6922 1
7264 1
7606 1
7948 1
8290 1
8632 1
8974 1
9316 1
9658 1
10000 1
3843 1
4185 1
4527 1
4869 1
5211 1
5553 1
5895 1
6237 1
6579 1
6921 1
7263 1
7605 1
7947 1
8289 1
8631 1
8973 1
9315 1
9657 1
9999 1
3842 1
4184 1
4526 1
4868 1
5210 1
5552 1
5894 1
6236 1
6578 1
6920 1
7262 1
7604 1
7946 1
8288 1
8630 1
8972 1
9314 1
9656 1
9998 1
3841 1
4183 1
4525 1
4867 1
5209 1
5551 1
5893 1
6235 1
6577 1
6919 1
7261 1
7603 1
7945 1
8287 1
8629 1
8971 1
9313 1
9655 1
9997 1
3840 1
4182 1
4524 1
4866 1
5208 1
5550 1
5892 1
6234 1
6576 1
6918 1
7260 1
7602 1
7944 1
8286 1
8628 1
8970 1
9312 1
9654 1
9996 1
3839 1
4181 1
4523 1
4865 1
5207 1
5549 1
5891 1
6233 1
6575 1
6917 1
7259 1
7601 1
7943 1
8285 1
8627 1
8969 1
9311 1
9653 1
9995 1
46436 3
46094 3
45752 3
45410 3
45068 3
44726 3
44384 3
44042 3
43700 3
43358 3
43016 3
42674 3
42332 3
41990 3
41648 3
41306 3
40964 3
40622 3
40280 3
46435 3
46093 3
45751 3
45409 3
45067 3
44725 3
44383 3
44041 3
43699 3
43357 3
43015 3
42673 3
42331 3
41989 3
41647 3
41305 3
40963 3
40621 3
40279 3
46434 3
46092 3
45750 3
45408 3
45066 3
44724 3
44382 3
44040 3
43698 3
43356 3
43014 3
42672 3
42330 3
41988 3
41646 3
41304 3
40962 3
40620 3
40278 3
46433 3
46091 3
45749 3
45407 3
45065 3
44723 3
44381 3
44039 3
43697 3
43355 3
43013 3
42671 3
42329 3
41987 3
41645 3
41303 3
40961 3
40619 3
40277 3
46432 3
46090 3
45748 3
45406 3
45064 3
44722 3
44380 3
44038 3
43696 3
43354 3
43012 3
42670 3
42328 3
41986 3
41644 3
41302 3
40960 3
40618 3
40276 3
46431 3
46089 3
45747 3
45405 3
45063 3
44721 3
44379 3
44037 3
43695 3
43353 3
43011 3
42669 3
42327 3
41985 3
41643 3
41301 3
40959 3
40617 3
40275 3
46430 3
46088 3
45746 3
45404 3
45062 3
44720 3
44378 3
44036 3
43694 3
43352 3
43010 3
42668 3
42326 3
41984 3
41642 3
41300 3
40958 3
40616 3
40274 3
46429 3
46087 3
45745 3
45403 3
45061 3
44719 3
44377 3
44035 3
43693 3
43351 3
43009 3
42667 3
42325 3
41983 3
41641 3
41299 3
40957 3
40615 3
40273 3
46428 3
46086 3
45744 3
45402 3
45060 3
44718 3
44376 3
44034 3
43692 3
43350 3
43008 3
42666 3
42324 3
41982 3
41640 3
41298 3
40956 3
40614 3
40272 3
46427 3
46085 3
45743 3
45401 3
45059 3
44717 3
44375 3
44033 3
43691 3
43349 3
43007 3
42665 3
42323 3
41981 3
41639 3
41297 3
40955 3
40613 3
40271 3
46426 3
46084 3
45742 3
45400 3
45058 3
44716 3
44374 3
44032 3
43690 3
43348 3
43006 3
42664 3
42322 3
41980 3
41638 3
41296 3
40954 3
40612 3
40270 3
46425 3
46083 3
45741 3
45399 3
45057 3
44715 3
44373 3
44031 3
43689 3
43347 3
43005 3
42663 3
42321 3
41979 3
41637 3
41295 3
40953 3
40611 3
40269 3
46424 3
46082 3
45740 3
45398 3
45056 3
44714 3
44372 3
44030 3
43688 3
43346 3
43004 3
42662 3
42320 3
41978 3
41636 3
41294 3
40952 3
40610 3
40268 3
46423 3
46081 3
45739 3
45397 3
45055 3
44713 3
44371 3
44029 3
43687 3
43345 3
43003 3
42661 3
42319 3
41977 3
41635 3
41293 3
40951 3
40609 3
40267 3
46422 3
46080 3
45738 3
45396 3
45054 3
44712 3
44370 3
44028 3
43686 3
43344 3
43002 3
42660 3
42318 3
41976 3
41634 3
41292 3
40950 3
40608 3
40266 3
46421 3
46079 3
45737 3
45395 3
45053 3
44711 3
44369 3
44027 3
43685 3
43343 3
43001 3
42659 3
42317 3
41975 3
41633 3
41291 3
40949 3
40607 3
40265 3
46420 3
46078 3
45736 3
45394 3
45052 3
44710 3
44368 3
44026 3
43684 3
43342 3
43000 3
42658 3
42316 3
41974 3
41632 3
41290 3
40948 3
40606 3
40264 3
46419 3
46077 3
45735 3
45393 3
45051 3
44709 3
44367 3
44025 3
43683 3
43341 3
42999 3
42657 3
42315 3
41973 3
41631 3
41289 3
40947 3
40605 3
40263 3
46418 3
46076 3
45734 3
45392 3
45050 3
44708 3
44366 3
44024 3
43682 3
43340 3
42998 3
42656 3
42314 3
41972 3
41630 3
41288 3
40946 3
40604 3
40262 3
741 1
1102 1
740 1
1101 1
739 1
1100 1
738 1
1099 1
737 1
1098 1
736 1
1097 1
735 1
1096 1
734 1
1095 1
733 1
1094 1
732 1
1093 1
731 1
1092 1
730 1
1091 1
729 1
1090 1
728 1
1089 1
727 1
1088 1
726 1
1087 1
725 1
1086 1
724 1
1085 1
723 1
1084 1
380 6
19 6
399 6
38 6
418 6
57 6
437 6
76 6
456 6
95 6
475 6
114 6
494 6
133 6
513 6
152 6
532 6
171 6
551 6
190 6
570 6
209 6
589 6
228 6
608 6
247 6
627 6
266 6
646 6
285 6
665 6
304 6
684 6
323 6
703 6
342 6
722 6
361 6
26125 3
26030 3
25935 3
25840 3
25745 3
25650 3
25555 3
25460 3
25365 3
25270 3
25175 3
25080 3
24985 3
24890 3
24795 3
24700 3
24605 3
24510 3
24415 3
26124 3
26029 3
25934 3
25839 3
25744 3
25649 3
25554 3
25459 3
25364 3
25269 3
25174 3
25079 3
24984 3
24889 3
24794 3
24699 3
24604 3
24509 3
24414 3
26123 3
26028 3
25933 3
25838 3
25743 3
25648 3
25553 3
25458 3
25363 3
25268 3
25173 3
25078 3
24983 3
24888 3
24793 3
24698 3
24603 3
24508 3
24413 3
26122 3
26027 3
25932 3
25837 3
25742 3
25647 3
25552 3
25457 3
25362 3
25267 3
25172 3
25077 3
24982 3
24887 3
24792 3
24697 3
24602 3
24507 3
24412 3
26121 3
26026 3
25931 3
25836 3
25741 3
25646 3
25551 3
25456 3
25361 3
25266 3
25171 3
25076 3
24981 3
24886 3
24791 3
24696 3
24601 3
24506 3
24411 3
10341 4
10340 4
10339 4
10338 4
10337 4
10346 4
10345 4
10344 4
10343 4
10342 4
10351 4
10350 4
10349 4
10348 4
10347 4
10356 4
10355 4
10354 4
10353 4
10352 4
10361 4
10360 4
10359 4
10358 4
10357 4
10366 4
10365 4
10364 4
10363 4
10362 4
10371 4
10370 4
10369 4
10368 4
10367 4
10376 4
10375 4
10374 4
10373 4
10372 4
10381 4
10380 4
10379 4
10378 4
10377 4
10386 4
10385 4
10384 4
10383 4
10382 4
10391 4
10390 4
10389 4
10388 4
10387 4
10396 4
10395 4
10394 4
10393 4
10392 4
10401 4
10400 4
10399 4
10398 4
10397 4
10406 4
10405 4
10404 4
10403 4
10402 4
10411 4
10410 4
10409 4
10408 4
10407 4
10416 4
10415 4
10414 4
10413 4
10412 4
10421 4
10420 4
10419 4
10418 4
10417 4
10426 4
10425 4
10424 4
10423 4
10422 4
10431 4
10430 4
10429 4
10428 4
10427 4
26144 4
26143 4
26142 4
26141 4
26140 4
26139 4
26138 4
26137 4
26136 4
26135 4
26134 4
26133 4
26132 4
26131 4
26130 4
26129 4
26128 4
26127 4
26126 4
26163 4
26162 4
26161 4
26160 4
26159 4
26158 4
26157 4
26156 4
26155 4
26154 4
26153 4
26152 4
26151 4
26150 4
26149 4
26148 4
26147 4
26146 4
26145 4
26182 4
26181 4
26180 4
26179 4
26178 4
26177 4
26176 4
26175 4
26174 4
26173 4
26172 4
26171 4
26170 4
26169 4
26168 4
26167 4
26166 4
26165 4
26164 4
26201 4
26200 4
26199 4
26198 4
26197 4
26196 4
26195 4
26194 4
26193 4
26192 4
26191 4
26190 4
26189 4
26188 4
26187 4
26186 4
26185 4
26184 4
26183 4
26220 4
26219 4
26218 4
26217 4
26216 4
26215 4
26214 4
26213 4
26212 4
26211 4
26210 4
26209 4
26208 4
26207 4
26206 4
26205 4
26204 4
26203 4
26202 4
26239 4
26238 4
26237 4
26236 4
26235 4
26234 4
26233 4
26232 4
26231 4
26230 4
26229 4
26228 4
26227 4
26226 4
26225 4
26224 4
26223 4
26222 4
26221 4
26258 4
26257 4
26256 4
26255 4
26254 4
26253 4
26252 4
26251 4
26250 4
26249 4
26248 4
26247 4
26246 4
26245 4
26244 4
26243 4
26242 4
26241 4
26240 4
26277 4
26276 4
26275 4
26274 4
26273 4
26272 4
26271 4
26270 4
26269 4
26268 4
26267 4
26266 4
26265 4
26264 4
26263 4
26262 4
26261 4
26260 4
26259 4
26296 4
26295 4
26294 4
26293 4
26292 4
26291 4
26290 4
26289 4
26288 4
26287 4
26286 4
26285 4
26284 4
26283 4
26282 4
26281 4
26280 4
26279 4
26278 4
26315 4
26314 4
26313 4
26312 4
26311 4
26310 4
26309 4
26308 4
26307 4
26306 4
26305 4
26304 4
26303 4
26302 4
26301 4
26300 4
26299 4
26298 4
26297 4
26334 4
26333 4
26332 4
26331 4
26330 4
26329 4
26328 4
26327 4
26326 4
26325 4
26324 4
26323 4
26322 4
26321 4
26320 4
26319 4
26318 4
26317 4
26316 4
26353 4
26352 4
26351 4
26350 4
26349 4
26348 4
26347 4
26346 4
26345 4
26344 4
26343 4
26342 4
26341 4
26340 4
26339 4
26338 4
26337 4
26336 4
26335 4
26372 4
26371 4
26370 4
26369 4
26368 4
26367 4
26366 4
26365 4
26364 4
26363 4
26362 4
26361 4
26360 4
26359 4
26358 4
26357 4
26356 4
26355 4
26354 4
26391 4
26390 4
26389 4
26388 4
26387 4
26386 4
26385 4
26384 4
26383 4
26382 4
26381 4
26380 4
26379 4
26378 4
26377 4
26376 4
26375 4
26374 4
26373 4
26410 4
26409 4
26408 4
26407 4
26406 4
26405 4
26404 4
26403 4
26402 4
26401 4
26400 4
26399 4
26398 4
26397 4
26396 4
26395 4
26394 4
26393 4
26392 4
26429 4
26428 4
26427 4
26426 4
26425 4
26424 4
26423 4
26422 4
26421 4
26420 4
26419 4
26418 4
26417 4
26416 4
26415 4
26414 4
26413 4
26412 4
26411 4
26448 4
26447 4
26446 4
26445 4
26444 4
26443 4
26442 4
26441 4
26440 4
26439 4
26438 4
26437 4
26436 4
26435 4
26434 4
26433 4
26432 4
26431 4
26430 4
26467 4
26466 4
26465 4
26464 4
26463 4
26462 4
26461 4
26460 4
26459 4
26458 4
26457 4
26456 4
26455 4
26454 4
26453 4
26452 4
26451 4
26450 4
26449 4
26486 4
26485 4
26484 4
26483 4
26482 4
26481 4
26480 4
26479 4
26478 4
26477 4
26476 4
26475 4
26474 4
26473 4
26472 4
26471 4
26470 4
26469 4
26468 4
12160 4
12159 4
12158 4
12157 4
12156 4
12155 4
12154 4
12153 4
12152 4
12151 4
12150 4
12149 4
12148 4
12147 4
12146 4
12145 4
12144 4
12143 4
12142 4
12179 4
12178 4
12177 4
12176 4
12175 4
12174 4
12173 4
12172 4
12171 4
12170 4
12169 4
12168 4
12167 4
12166 4
12165 4
12164 4
12163 4
12162 4
12161 4
12198 4
12197 4
12196 4
12195 4
12194 4
12193 4
12192 4
12191 4
12190 4
12189 4
12188 4
12187 4
12186 4
12185 4
12184 4
12183 4
12182 4
12181 4
12180 4
12217 4
12216 4
12215 4
12214 4
12213 4
12212 4
12211 4
12210 4
12209 4
12208 4
12207 4
12206 4
12205 4
12204 4
12203 4
12202 4
12201 4
12200 4
12199 4
12236 4
12235 4
12234 4
12233 4
12232 4
12231 4
12230 4
12229 4
12228 4
12227 4
12226 4
12225 4
12224 4
12223 4
12222 4
12221 4
12220 4
12219 4
12218 4
12255 4
12254 4
12253 4
12252 4
12251 4
12250 4
12249 4
12248 4
12247 4
12246 4
12245 4
12244 4
12243 4
12242 4
12241 4
12240 4
12239 4
12238 4
12237 4
12274 4
12273 4
12272 4
12271 4
12270 4
12269 4
12268 4
12267 4
12266 4
12265 4
12264 4
12263 4
12262 4
12261 4
12260 4
12259 4
12258 4
12257 4
12256 4
12293 4
12292 4
12291 4
12290 4
12289 4
12288 4
12287 4
12286 4
12285 4
12284 4
12283 4
12282 4
12281 4
12280 4
12279 4
12278 4
12277 4
12276 4
12275 4
12312 4
12311 4
12310 4
12309 4
12308 4
12307 4
12306 4
12305 4
12304 4
12303 4
12302 4
12301 4
12300 4
12299 4
12298 4
12297 4
12296 4
12295 4
12294 4
12331 4
12330 4
12329 4
12328 4
12327 4
12326 4
12325 4
12324 4
12323 4
12322 4
12321 4
12320 4
12319 4
12318 4
12317 4
12316 4
12315 4
12314 4
12313 4
12350 4
12349 4
12348 4
12347 4
12346 4
12345 4
12344 4
12343 4
12342 4
12341 4
12340 4
12339 4
12338 4
12337 4
12336 4
12335 4
12334 4
12333 4
12332 4
12369 4
12368 4
12367 4
12366 4
12365 4
12364 4
12363 4
12362 4
12361 4
12360 4
12359 4
12358 4
12357 4
12356 4
12355 4
12354 4
12353 4
12352 4
12351 4
12388 4
12387 4
12386 4
12385 4
12384 4
12383 4
12382 4
12381 4
12380 4
12379 4
12378 4
12377 4
12376 4
12375 4
12374 4
12373 4
12372 4
12371 4
12370 4
12407 4
12406 4
12405 4
12404 4
12403 4
12402 4
12401 4
12400 4
12399 4
12398 4
12397 4
12396 4
12395 4
12394 4
12393 4
12392 4
12391 4
12390 4
12389 4
12426 4
12425 4
12424 4
12423 4
12422 4
12421 4
12420 4
12419 4
12418 4
12417 4
12416 4
12415 4
12414 4
12413 4
12412 4
12411 4
12410 4
12409 4
12408 4
12445 4
12444 4
12443 4
12442 4
12441 4
12440 4
12439 4
12438 4
12437 4
12436 4
12435 4
12434 4
12433 4
12432 4
12431 4
12430 4
12429 4
12428 4
12427 4
12464 4
12463 4
12462 4
12461 4
12460 4
12459 4
12458 4
12457 4
12456 4
12455 4
12454 4
12453 4
12452 4
12451 4
12450 4
12449 4
12448 4
12447 4
12446 4
12483 4
12482 4
12481 4
12480 4
12479 4
12478 4
12477 4
12476 4
12475 4
12474 4
12473 4
12472 4
12471 4
12470 4
12469 4
12468 4
12467 4
12466 4
12465 4
12502 4
12501 4
12500 4
12499 4
12498 4
12497 4
12496 4
12495 4
12494 4
12493 4
12492 4
12491 4
12490 4
12489 4
12488 4
12487 4
12486 4
12485 4
12484 4
12160 6
12179 6
12198 6
12217 6
12236 6
12255 6
12274 6
12293 6
12312 6
12331 6
12350 6
12369 6
12388 6
12407 6
12426 6
12445 6
12464 6
12483 6
12502 6
12521 6
12540 6
12559 6
12578 6
12597 6
12616 6
12635 6
12654 6
12673 6
12692 6
12711 6
12730 6
12749 6
12768 6
12787 6
12806 6
12825 6
12844 6
12863 6
12882 6
12901 6
12920 6
12939 6
12958 6
12977 6
12996 6
13015 6
13034 6
13053 6
13072 6
13091 6
13110 6
13129 6
13148 6
13167 6
13186 6
13205 6
13224 6
13243 6
13262 6
13281 6
13300 6
13319 6
13338 6
13357 6
13376 6
13395 6
13414 6
13433 6
13452 6
13471 6
13490 6
13509 6
13528 6
13547 6
13566 6
13585 6
13604 6
13623 6
13642 6
13661 6
13680 6
13699 6
13718 6
13737 6
13756 6
13775 6
13794 6
13813 6
13832 6
13851 6
13870 6
13889 6
13908 6
13927 6
13946 6
13965 6
13984 6
14003 6
14022 6
14041 6
14060 6
14079 6
14098 6
14117 6
14136 6
14155 6
14174 6
14193 6
14212 6
14231 6
14250 6
14269 6
14288 6
14307 6
14326 6
14345 6
14364 6
14383 6
14402 6
14421 6
14440 6
14459 6
14478 6
14497 6
14516 6
14535 6
14554 6
14573 6
14592 6
14611 6
14630 6
14649 6
14668 6
14687 6
14706 6
14725 6
14744 6
14763 6
14782 6
14801 6
14820 6
14839 6
14858 6
14877 6
14896 6
14915 6
14934 6
14953 6
14972 6
14991 6
15010 6
15029 6
15048 6
15067 6
15086 6
15105 6
15124 6
15143 6
15162 6
15181 6
15200 6
15219 6
15238 6
15257 6
15276 6
15295 6
15314 6
15333 6
15352 6
15371 6
15390 6
15409 6
15428 6
15447 6
15466 6
15485 6
15504 6
15523 6
15542 6
15561 6
15580 6
15599 6
15618 6
15637 6
15656 6
15675 6
15694 6
15713 6
15732 6
15751 6
15770 6
15789 6
15808 6
15827 6
15846 6
15865 6
15884 6
15903 6
15922 6
15941 6
15960 6
15979 6
15998 6
16017 6
16036 6
16055 6
16074 6
16093 6
16112 6
16131 6
16150 6
16169 6
16188 6
16207 6
16226 6
16245 6
16264 6
16283 6
16302 6
16321 6
16340 6
16359 6
16378 6
16397 6
16416 6
16435 6
16454 6
16473 6
16492 6
16511 6
16530 6
16549 6
16568 6
16587 6
16606 6
16625 6
16644 6
16663 6
16682 6
16701 6
16720 6
16739 6
16758 6
16777 6
16796 6
16815 6
16834 6
16853 6
16872 6
16891 6
16910 6
16929 6
16948 6
16967 6
16986 6
17005 6
17024 6
17043 6
17062 6
17081 6
17100 6
17119 6
17138 6
17157 6
17176 6
17195 6
17214 6
17233 6
17252 6
17271 6
17290 6
17309 6
17328 6
17347 6
17366 6
17385 6
17404 6
17423 6
17442 6
17461 6
17480 6
17499 6
17518 6
17537 6
17556 6
17575 6
17594 6
17613 6
17632 6
17651 6
17670 6
17689 6
17708 6
17727 6
17746 6
17765 6
17784 6
17803 6
17822 6
17841 6
17860 6
17879 6
17898 6
17917 6
17936 6
17955 6
17974 6
17993 6
18012 6
18031 6
18050 6
18069 6
18088 6
18107 6
18126 6
18145 6
18164 6
18183 6
18202 6
18221 6
18240 6
18259 6
18278 6
18297 6
18316 6
18335 6
18354 6
18373 6
18392 6
18411 6
18430 6
18449 6
18468 6
18487 6
18506 6
18525 6
18544 6
18563 6
18582 6
18601 6
18620 6
18639 6
18658 6
18677 6
18696 6
18715 6
18734 6
18753 6
18772 6
18791 6
18810 6
18829 6
18848 6
18867 6
18886 6
18905 6
18924 6
18943 6
18962 6
18981 6
19000 6
20340 1
20530 1
20720 1
20910 1
21100 1
21290 1
21480 1
21670 1
21860 1
22050 1
22240 1
22430 1
22620 1
22810 1
23000 1
23190 1
23380 1
23570 1
23760 1
20339 1
20529 1
20719 1
20909 1
21099 1
21289 1
21479 1
21669 1
21859 1
22049 1
22239 1
22429 1
22619 1
22809 1
22999 1
23189 1
23379 1
23569 1
23759 1
20338 1
20528 1
20718 1
20908 1
21098 1
21288 1
21478 1
21668 1
21858 1
22048 1
22238 1
22428 1
22618 1
22808 1
22998 1
23188 1
23378 1
23568 1
23758 1
20337 1
20527 1
20717 1
20907 1
21097 1
21287 1
21477 1
21667 1
21857 1
22047 1
22237 1
22427 1
22617 1
22807 1
22997 1
23187 1
23377 1
23567 1
23757 1
20336 1
20526 1
20716 1
20906 1
21096 1
21286 1
21476 1
21666 1
21856 1
22046 1
22236 1
22426 1
22616 1
22806 1
22996 1
23186 1
23376 1
23566 1
23756 1
20335 1
20525 1
20715 1
20905 1
21095 1
21285 1
21475 1
21665 1
21855 1
22045 1
22235 1
22425 1
22615 1
22805 1
22995 1
23185 1
23375 1
23565 1
23755 1
20334 1
20524 1
20714 1
20904 1
21094 1
21284 1
21474 1
21664 1
21854 1
22044 1
22234 1
22424 1
22614 1
22804 1
22994 1
23184 1
23374 1
23564 1
23754 1
20333 1
20523 1
20713 1
20903 1
21093 1
21283 1
21473 1
21663 1
21853 1
22043 1
22233 1
22423 1
22613 1
22803 1
22993 1
23183 1
23373 1
23563 1
23753 1
20332 1
20522 1
20712 1
20902 1
21092 1
21282 1
21472 1
21662 1
21852 1
22042 1
22232 1
22422 1
22612 1
22802 1
22992 1
23182 1
23372 1
23562 1
23752 1
20331 1
20521 1
20711 1
20901 1
21091 1
21281 1
21471 1
21661 1
21851 1
22041 1
22231 1
22421 1
22611 1
22801 1
22991 1
23181 1
23371 1
23561 1
23751 1
4180 6
4522 6
4864 6
5206 6
5548 6
5890 6
6232 6
6574 6
6916 6
7258 6
7600 6
7942 6
8284 6
8626 6
8968 6
9310 6
9652 6
9994 6
10336 6
4161 6
4503 6
4845 6
5187 6
5529 6
5871 6
6213 6
6555 6
6897 6
7239 6
7581 6
7923 6
8265 6
8607 6
8949 6
9291 6
9633 6
9975 6
10317 6
4142 6
4484 6
4826 6
5168 6
5510 6
5852 6
6194 6
6536 6
6878 6
7220 6
7562 6
7904 6
8246 6
8588 6
8930 6
9272 6
9614 6
9956 6
10298 6
4123 6
4465 6
4807 6
5149 6
5491 6
5833 6
6175 6
6517 6
6859 6
7201 6
7543 6
7885 6
8227 6
8569 6
8911 6
9253 6
9595 6
9937 6
10279 6
4104 6
4446 6
4788 6
5130 6
5472 6
5814 6
6156 6
6498 6
6840 6
7182 6
7524 6
7866 6
8208 6
8550 6
8892 6
9234 6
9576 6
9918 6
10260 6
4085 6
4427 6
4769 6
5111 6
5453 6
5795 6
6137 6
6479 6
6821 6
7163 6
7505 6
7847 6
8189 6
8531 6
8873 6
9215 6
9557 6
9899 6
10241 6
4066 6
4408 6
4750 6
5092 6
5434 6
5776 6
6118 6
6460 6
6802 6
7144 6
7486 6
7828 6
8170 6
8512 6
8854 6
9196 6
9538 6
9880 6
10222 6
4047 6
4389 6
4731 6
5073 6
5415 6
5757 6
6099 6
6441 6
6783 6
7125 6
7467 6
7809 6
8151 6
8493 6
8835 6
9177 6
9519 6
9861 6
10203 6
4028 6
4370 6
4712 6
5054 6
5396 6
5738 6
6080 6
6422 6
6764 6
7106 6
7448 6
7790 6
8132 6
8474 6
8816 6
9158 6
9500 6
9842 6
10184 6
4009 6
4351 6
4693 6
5035 6
5377 6
5719 6
6061 6
6403 6
6745 6
7087 6
7429 6
7771 6
8113 6
8455 6
8797 6
9139 6
9481 6
9823 6
10165 6
3990 6
4332 6
4674 6
5016 6
5358 6
5700 6
6042 6
6384 6
6726 6
7068 6
7410 6
7752 6
8094 6
8436 6
8778 6
9120 6
9462 6
9804 6
10146 6
3971 6
4313 6
4655 6
4997 6
5339 6
5681 6
6023 6
6365 6
6707 6
7049 6
7391 6
7733 6
8075 6
8417 6
8759 6
9101 6
9443 6
9785 6
10127 6
3952 6
4294 6
4636 6
4978 6
5320 6
5662 6
6004 6
6346 6
6688 6
7030 6
7372 6
7714 6
8056 6
8398 6
8740 6
9082 6
9424 6
9766 6
10108 6
3933 6
4275 6
4617 6
4959 6
5301 6
5643 6
5985 6
6327 6
6669 6
7011 6
7353 6
7695 6
8037 6
8379 6
8721 6
9063 6
9405 6
9747 6
10089 6
3914 6
4256 6
4598 6
4940 6
5282 6
5624 6
5966 6
6308 6
6650 6
6992 6
7334 6
7676 6
8018 6
8360 6
8702 6
9044 6
9386 6
9728 6
10070 6
3895 6
4237 6
4579 6
4921 6
5263 6
5605 6
5947 6
6289 6
6631 6
6973 6
7315 6
7657 6
7999 6
8341 6
8683 6
9025 6
9367 6
9709 6
10051 6
3876 6
4218 6
4560 6
4902 6
5244 6
5586 6
5928 6
6270 6
6612 6
6954 6
7296 6
7638 6
7980 6
8322 6
8664 6
9006 6
9348 6
9690 6
10032 6
3857 6
4199 6
4541 6
4883 6
5225 6
5567 6
5909 6
6251 6
6593 6
6935 6
7277 6
7619 6
7961 6
8303 6
8645 6
8987 6
9329 6
9671 6
10013 6
39957 4
39956 4
39955 4
39954 4
39953 4
39952 4
39951 4
39950 4
39949 4
39948 4
39947 4
39946 4
39945 4
39944 4
39943 4
39942 4
39941 4
39940 4
39939 4
39976 4
39975 4
39974 4
39973 4
39972 4
39971 4
39970 4
39969 4
39968 4
39967 4
39966 4
39965 4
39964 4
39963 4
39962 4
39961 4
39960 4
39959 4
39958 4
39995 4
39994 4
39993 4
39992 4
39991 4
39990 4
39989 4
39988 4
39987 4
39986 4
39985 4
39984 4
39983 4
39982 4
39981 4
39980 4
39979 4
39978 4
39977 4
40014 4
40013 4
40012 4
40011 4
40010 4
40009 4
40008 4
40007 4
40006 4
40005 4
40004 4
40003 4
40002 4
40001 4
40000 4
39999 4
39998 4
39997 4
39996 4
40033 4
40032 4
40031 4
40030 4
40029 4
40028 4
40027 4
40026 4
40025 4
40024 4
40023 4
40022 4
40021 4
40020 4
40019 4
40018 4
40017 4
40016 4
40015 4
40052 4
40051 4
40050 4
40049 4
40048 4
40047 4
40046 4
40045 4
40044 4
40043 4
40042 4
40041 4
40040 4
40039 4
40038 4
40037 4
40036 4
40035 4
40034 4
40071 4
40070 4
40069 4
40068 4
40067 4
40066 4
40065 4
40064 4
40063 4
40062 4
40061 4
40060 4
40059 4
40058 4
40057 4
40056 4
40055 4
40054 4
40053 4
40090 4
40089 4
40088 4
40087 4
40086 4
40085 4
40084 4
40083 4
40082 4
40081 4
40080 4
40079 4
40078 4
40077 4
40076 4
40075 4
40074 4
40073 4
40072 4
40109 4
40108 4
40107 4
40106 4
40105 4
40104 4
40103 4
40102 4
40101 4
40100 4
40099 4
40098 4
40097 4
40096 4
40095 4
40094 4
40093 4
40092 4
40091 4
40128 4
40127 4
40126 4
40125 4
40124 4
40123 4
40122 4
40121 4
40120 4
40119 4
40118 4
40117 4
40116 4
40115 4
40114 4
40113 4
40112 4
40111 4
40110 4
40147 4
40146 4
40145 4
40144 4
40143 4
40142 4
40141 4
40140 4
40139 4
40138 4
40137 4
40136 4
40135 4
40134 4
40133 4
40132 4
40131 4
40130 4
40129 4
40166 4
40165 4
40164 4
40163 4
40162 4
40161 4
40160 4
40159 4
40158 4
40157 4
40156 4
40155 4
40154 4
40153 4
40152 4
40151 4
40150 4
40149 4
40148 4
40185 4
40184 4
40183 4
40182 4
40181 4
40180 4
40179 4
40178 4
40177 4
40176 4
40175 4
40174 4
40173 4
40172 4
40171 4
40170 4
40169 4
40168 4
40167 4
40204 4
40203 4
40202 4
40201 4
40200 4
40199 4
40198 4
40197 4
40196 4
40195 4
40194 4
40193 4
40192 4
40191 4
40190 4
40189 4
40188 4
40187 4
40186 4
40223 4
40222 4
40221 4
40220 4
40219 4
40218 4
40217 4
40216 4
40215 4
40214 4
40213 4
40212 4
40211 4
40210 4
40209 4
40208 4
40207 4
40206 4
40205 4
40242 4
40241 4
40240 4
40239 4
40238 4
40237 4
40236 4
40235 4
40234 4
40233 4
40232 4
40231 4
40230 4
40229 4
40228 4
40227 4
40226 4
40225 4
40224 4
40261 4
40260 4
40259 4
40258 4
40257 4
40256 4
40255 4
40254 4
40253 4
40252 4
40251 4
40250 4
40249 4
40248 4
40247 4
40246 4
40245 4
40244 4
40243 4
40280 4
40279 4
40278 4
40277 4
40276 4
40275 4
40274 4
40273 4
40272 4
40271 4
40270 4
40269 4
40268 4
40267 4
40266 4
40265 4
40264 4
40263 4
40262 4
34637 4
34636 4
34635 4
34634 4
34633 4
34632 4
34631 4
34630 4
34629 4
34628 4
34627 4
34626 4
34625 4
34624 4
34623 4
34622 4
34621 4
34620 4
34619 4
34656 4
34655 4
34654 4
34653 4
34652 4
34651 4
34650 4
34649 4
34648 4
34647 4
34646 4
34645 4
34644 4
34643 4
34642 4
34641 4
34640 4
34639 4
34638 4
34675 4
34674 4
34673 4
34672 4
34671 4
34670 4
34669 4
34668 4
34667 4
34666 4
34665 4
34664 4
34663 4
34662 4
34661 4
34660 4
34659 4
34658 4
34657 4
34694 4
34693 4
34692 4
34691 4
34690 4
34689 4
34688 4
34687 4
34686 4
34685 4
34684 4
34683 4
34682 4
34681 4
34680 4
34679 4
34678 4
34677 4
34676 4
34713 4
34712 4
34711 4
34710 4
34709 4
34708 4
34707 4
34706 4
34705 4
34704 4
34703 4
34702 4
34701 4
34700 4
34699 4
34698 4
34697 4
34696 4
34695 4
34732 4
34731 4
34730 4
34729 4
34728 4
34727 4
34726 4
34725 4
34724 4
34723 4
34722 4
34721 4
34720 4
34719 4
34718 4
34717 4
34716 4
34715 4
34714 4
34751 4
34750 4
34749 4
34748 4
34747 4
34746 4
34745 4
34744 4
34743 4
34742 4
34741 4
34740 4
34739 4
34738 4
34737 4
34736 4
34735 4
34734 4
34733 4
34770 4
34769 4
34768 4
34767 4
34766 4
34765 4
34764 4
34763 4
34762 4
34761 4
34760 4
34759 4
34758 4
34757 4
34756 4
34755 4
34754 4
34753 4
34752 4
34789 4
34788 4
34787 4
34786 4
34785 4
34784 4
34783 4
34782 4
34781 4
34780 4
34779 4
34778 4
34777 4
34776 4
34775 4
34774 4
34773 4
34772 4
34771 4
34808 4
34807 4
34806 4
34805 4
34804 4
34803 4
34802 4
34801 4
34800 4
34799 4
34798 4
34797 4
34796 4
34795 4
34794 4
34793 4
34792 4
34791 4
34790 4
32984 3
32623 3
32262 3
31901 3
31540 3
31179 3
30818 3
30457 3
30096 3
29735 3
29374 3
29013 3
28652 3
28291 3
27930 3
27569 3
27208 3
26847 3
26486 3
32983 3
32622 3
32261 3
31900 3
31539 3
31178 3
30817 3
30456 3
30095 3
29734 3
29373 3
29012 3
28651 3
28290 3
27929 3
27568 3
27207 3
26846 3
26485 3
32982 3
32621 3
32260 3
31899 3
31538 3
31177 3
30816 3
30455 3
30094 3
29733 3
29372 3
29011 3
28650 3
28289 3
27928 3
27567 3
27206 3
26845 3
26484 3
32981 3
32620 3
32259 3
31898 3
31537 3
31176 3
30815 3
30454 3
30093 3
29732 3
29371 3
29010 3
28649 3
28288 3
27927 3
27566 3
27205 3
26844 3
26483 3
32980 3
32619 3
32258 3
31897 3
31536 3
31175 3
30814 3
30453 3
30092 3
29731 3
29370 3
29009 3
28648 3
28287 3
27926 3
27565 3
27204 3
26843 3
26482 3
32979 3
32618 3
32257 3
31896 3
31535 3
31174 3
30813 3
30452 3
30091 3
29730 3
29369 3
29008 3
28647 3
28286 3
27925 3
27564 3
27203 3
26842 3
26481 3
32978 3
32617 3
32256 3
31895 3
31534 3
31173 3
30812 3
30451 3
30090 3
29729 3
29368 3
29007 3
28646 3
28285 3
27924 3
27563 3
27202 3
26841 3
26480 3
32977 3
32616 3
32255 3
31894 3
31533 3
31172 3
30811 3
30450 3
30089 3
29728 3
29367 3
29006 3
28645 3
28284 3
27923 3
27562 3
27201 3
26840 3
26479 3
32976 3
32615 3
32254 3
31893 3
31532 3
31171 3
30810 3
30449 3
30088 3
29727 3
29366 3
29005 3
28644 3
28283 3
27922 3
27561 3
27200 3
26839 3
26478 3
32975 3
32614 3
32253 3
31892 3
31531 3
31170 3
30809 3
30448 3
30087 3
29726 3
29365 3
29004 3
28643 3
28282 3
27921 3
27560 3
27199 3
26838 3
26477 3
32974 3
32613 3
32252 3
31891 3
31530 3
31169 3
30808 3
30447 3
30086 3
29725 3
29364 3
29003 3
28642 3
28281 3
27920 3
27559 3
27198 3
26837 3
26476 3
32973 3
32612 3
32251 3
31890 3
31529 3
31168 3
30807 3
30446 3
30085 3
29724 3
29363 3
29002 3
28641 3
28280 3
27919 3
27558 3
27197 3
26836 3
26475 3
32972 3
32611 3
32250 3
31889 3
31528 3
31167 3
30806 3
30445 3
30084 3
29723 3
29362 3
29001 3
28640 3
28279 3
27918 3
27557 3
27196 3
26835 3
26474 3
32971 3
32610 3
32249 3
31888 3
31527 3
31166 3
30805 3
30444 3
30083 3
29722 3
29361 3
29000 3
28639 3
28278 3
27917 3
27556 3
27195 3
26834 3
26473 3
32970 3
32609 3
32248 3
31887 3
31526 3
31165 3
30804 3
30443 3
30082 3
29721 3
29360 3
28999 3
28638 3
28277 3
27916 3
27555 3
27194 3
26833 3
26472 3
32969 3
32608 3
32247 3
31886 3
31525 3
31164 3
30803 3
30442 3
30081 3
29720 3
29359 3
28998 3
28637 3
28276 3
27915 3
27554 3
27193 3
26832 3
26471 3
32968 3
32607 3
32246 3
31885 3
31524 3
31163 3
30802 3
30441 3
30080 3
29719 3
29358 3
28997 3
28636 3
28275 3
27914 3
27553 3
27192 3
26831 3
26470 3
32967 3
32606 3
32245 3
31884 3
31523 3
31162 3
30801 3
30440 3
30079 3
29718 3
29357 3
28996 3
28635 3
28274 3
27913 3
27552 3
27191 3
26830 3
26469 3
32966 3
32605 3
32244 3
31883 3
31522 3
31161 3
30800 3
30439 3
30078 3
29717 3
29356 3
28995 3
28634 3
28273 3
27912 3
27551 3
27190 3
26829 3
26468 3
