  -5.00000000000000       0.000000000000000E+000  0.000000000000000E+000
          50
19381  1  1  0  0  1
19382  1  0  0  0  1
19383  1  0  0  0  1
19384  1  0  0  0  1
19385  1  0  0  0  1
19386  1  0  0  0  1
19387  1  0  0  0  1
19388  1  0  0  0  1
19389  1  0  0  0  1
19390  1  0  0  1  1
19571  1  1  0  0  0
19572  1  0  0  0  0
19573  1  0  0  0  0
19574  1  0  0  0  0
19575  1  0  0  0  0
19576  1  0  0  0  0
19577  1  0  0  0  0
19578  1  0  0  0  0
19579  1  0  0  0  0
19580  1  0  0  1  0
19761  1  1  0  0  0
19762  1  0  0  0  0
19763  1  0  0  0  0
19764  1  0  0  0  0
19765  1  0  0  0  0
19766  1  0  0  0  0
19767  1  0  0  0  0
19768  1  0  0  0  0
19769  1  0  0  0  0
19770  1  0  0  1  0
19951  1  1  0  0  0
19952  1  0  0  0  0
19953  1  0  0  0  0
19954  1  0  0  0  0
19955  1  0  0  0  0
19956  1  0  0  0  0
19957  1  0  0  0  0
19958  1  0  0  0  0
19959  1  0  0  0  0
19960  1  0  0  1  0
20141  1  1  1  0  0
20142  1  0  1  0  0
20143  1  0  1  0  0
20144  1  0  1  0  0
20145  1  0  1  0  0
20146  1  0  1  0  0
20147  1  0  1  0  0
20148  1  0  1  0  0
20149  1  0  1  0  0
20150  1  0  1  1  0
