2 0.0
4230
33668 6
33649 6
33630 6
33611 6
33592 6
33573 6
33554 6
33535 6
33516 6
33497 6
33478 6
33459 6
33440 6
33421 6
33402 6
33383 6
33364 6
33345 6
33326 6
33307 6
33288 6
33269 6
33250 6
33231 6
33212 6
33193 6
33174 6
33155 6
33136 6
33117 6
33098 6
33079 6
33060 6
33041 6
33022 6
33003 6
38247 6
38266 6
38285 6
38304 6
38323 6
38342 6
38361 6
38380 6
38399 6
38418 6
38437 6
38456 6
38475 6
38494 6
38513 6
38532 6
38551 6
38570 6
38589 6
38608 6
38627 6
38646 6
38665 6
38684 6
38703 6
38722 6
38741 6
38760 6
38779 6
38798 6
38817 6
38836 6
38855 6
38874 6
38893 6
38912 6
38931 6
38950 6
38969 6
38988 6
39007 6
39026 6
39045 6
39064 6
39083 6
39102 6
39121 6
39140 6
39159 6
39178 6
39197 6
39216 6
39235 6
39254 6
39273 6
39292 6
39311 6
39330 6
39349 6
39368 6
39387 6
39406 6
39425 6
39444 6
39463 6
39482 6
39501 6
39520 6
39539 6
39558 6
39577 6
39596 6
39615 6
39634 6
39653 6
39672 6
39691 6
39710 6
39729 6
39748 6
39767 6
39786 6
39805 6
39824 6
39843 6
39862 6
39881 6
39900 6
39919 6
39938 6
39957 6
39976 6
39995 6
40014 6
40033 6
40052 6
40071 6
40090 6
40109 6
40128 6
40147 6
40166 6
40185 6
40204 6
40223 6
40242 6
40261 6
40280 6
40299 6
40318 6
40337 6
40356 6
40375 6
40394 6
40413 6
40432 6
40451 6
40470 6
40489 6
40508 6
40527 6
40546 6
40565 6
40584 6
40603 6
40622 6
40641 6
40660 6
40679 6
40698 6
40717 6
40736 6
40755 6
40774 6
40793 6
40812 6
40831 6
40850 6
40869 6
40888 6
40907 6
40926 6
40945 6
40964 6
40983 6
41002 6
41021 6
41040 6
41059 6
41078 6
41097 6
41116 6
41135 6
41154 6
41173 6
41192 6
41211 6
41230 6
41249 6
41268 6
41287 6
41306 6
41325 6
41344 6
41363 6
41382 6
41401 6
41420 6
41439 6
41458 6
41477 6
41496 6
41515 6
41534 6
41553 6
41572 6
41591 6
41610 6
41629 6
41648 6
41667 6
41686 6
41705 6
41724 6
41743 6
41762 6
41781 6
41800 6
41819 6
41838 6
41857 6
41876 6
41895 6
41914 6
41933 6
41952 6
41971 6
41990 6
42009 6
42028 6
42047 6
42066 6
42085 6
42104 6
42123 6
42142 6
42161 6
42180 6
42199 6
42218 6
42237 6
42256 6
42275 6
42294 6
42313 6
42332 6
42351 6
42370 6
42389 6
42408 6
42427 6
42446 6
42465 6
42484 6
42503 6
42522 6
42541 6
42560 6
42579 6
42598 6
42617 6
42636 6
42655 6
42674 6
42693 6
42712 6
42731 6
42750 6
42769 6
42788 6
42807 6
42826 6
42845 6
42864 6
42883 6
42902 6
42921 6
42940 6
42959 6
42978 6
42997 6
43016 6
43035 6
43054 6
43073 6
43092 6
43111 6
43130 6
43149 6
43168 6
43187 6
43206 6
43225 6
43244 6
43263 6
43282 6
43301 6
43320 6
43339 6
43358 6
43377 6
43396 6
43415 6
43434 6
43453 6
43472 6
43491 6
43510 6
43529 6
43548 6
43567 6
43586 6
43605 6
43624 6
43643 6
43662 6
43681 6
43700 6
43719 6
43738 6
43757 6
43776 6
43795 6
43814 6
43833 6
43852 6
43871 6
43890 6
43909 6
43928 6
43947 6
43966 6
43985 6
44004 6
44023 6
44042 6
44061 6
44080 6
44099 6
44118 6
44137 6
44156 6
44175 6
44194 6
44213 6
44232 6
44251 6
44270 6
44289 6
44308 6
44327 6
44346 6
44365 6
44384 6
44403 6
44422 6
44441 6
44460 6
44479 6
44498 6
44517 6
44536 6
44555 6
44574 6
44593 6
44612 6
44631 6
44650 6
44669 6
44688 6
44707 6
44726 6
44745 6
44764 6
44783 6
44802 6
44821 6
44840 6
44859 6
44878 6
44897 6
44916 6
44935 6
44954 6
44973 6
44992 6
45011 6
45030 6
45049 6
45068 6
45087 6
45106 6
45125 6
45144 6
45163 6
45182 6
45201 6
45220 6
45239 6
45258 6
45277 6
45296 6
45315 6
45334 6
45353 6
45372 6
45391 6
45410 6
45429 6
45448 6
45467 6
45486 6
45505 6
45524 6
45543 6
45562 6
45581 6
45600 6
45619 6
45638 6
45657 6
45676 6
45695 6
45714 6
45733 6
45752 6
45771 6
45790 6
45809 6
45828 6
45847 6
45866 6
45885 6
45904 6
45923 6
45942 6
45961 6
45980 6
45999 6
46018 6
46037 6
46056 6
46075 6
46094 6
46113 6
46132 6
46151 6
46170 6
46189 6
46208 6
46227 6
46246 6
46265 6
46284 6
46303 6
46322 6
46341 6
46360 6
46379 6
46398 6
46417 6
46436 6
24140 1
24139 1
24138 1
24137 1
24136 1
24135 1
24134 1
24133 1
24132 1
24131 1
23950 1
23949 1
23948 1
23947 1
23946 1
23945 1
23944 1
23943 1
23942 1
23941 1
33687 6
33706 6
33725 6
33744 6
33763 6
33782 6
33801 6
33820 6
33839 6
33858 6
33877 6
33896 6
33915 6
33934 6
33953 6
33972 6
33991 6
34010 6
34029 6
34048 6
34067 6
34086 6
34105 6
34124 6
34143 6
34162 6
34181 6
34200 6
34219 6
34238 6
34257 6
34276 6
34295 6
34314 6
34333 6
34352 6
34371 6
34390 6
34409 6
34428 6
34447 6
34466 6
34485 6
34504 6
34523 6
34542 6
34561 6
34580 6
34599 6
34618 6
34637 6
34656 6
34675 6
34694 6
34713 6
34732 6
34751 6
34770 6
34789 6
34808 6
34827 6
34846 6
34865 6
34884 6
34903 6
34922 6
34941 6
34960 6
34979 6
34998 6
35017 6
35036 6
35055 6
35074 6
35093 6
35112 6
35131 6
35150 6
35169 6
35188 6
35207 6
35226 6
35245 6
35264 6
35283 6
35302 6
35321 6
35340 6
35359 6
35378 6
35397 6
35416 6
35435 6
35454 6
35473 6
35492 6
35511 6
35530 6
35549 6
35568 6
35587 6
35606 6
35625 6
35644 6
35663 6
35682 6
35701 6
35720 6
35739 6
35758 6
35777 6
35796 6
35815 6
35834 6
35853 6
35872 6
35891 6
35910 6
35929 6
35948 6
35967 6
35986 6
36005 6
36024 6
36043 6
36062 6
36081 6
36100 6
36119 6
36138 6
36157 6
36176 6
36195 6
36214 6
36233 6
36252 6
36271 6
36290 6
36309 6
36328 6
36347 6
36366 6
36385 6
36404 6
36423 6
36442 6
36461 6
36480 6
36499 6
36518 6
36537 6
36556 6
36575 6
36594 6
36613 6
36632 6
36651 6
36670 6
36689 6
36708 6
36727 6
36746 6
36765 6
36784 6
36803 6
36822 6
36841 6
36860 6
36879 6
36898 6
36917 6
36936 6
36955 6
36974 6
36993 6
37012 6
37031 6
37050 6
37069 6
37088 6
37107 6
37126 6
37145 6
37164 6
37183 6
37202 6
37221 6
37240 6
37259 6
37278 6
37297 6
37316 6
37335 6
37354 6
37373 6
37392 6
37411 6
37430 6
37449 6
37468 6
37487 6
37506 6
37525 6
37544 6
37563 6
37582 6
37601 6
37620 6
37639 6
37658 6
37677 6
37696 6
37715 6
37734 6
37753 6
37772 6
37791 6
37810 6
37829 6
37848 6
37867 6
37886 6
37905 6
37924 6
37943 6
37962 6
37981 6
38000 6
38019 6
38038 6
38057 6
38076 6
38095 6
38114 6
38133 6
38152 6
38171 6
38190 6
38209 6
38228 6
741 6
760 6
779 6
798 6
817 6
836 6
855 6
874 6
893 6
912 6
931 6
950 6
969 6
988 6
1007 6
1026 6
1045 6
1064 6
1083 6
1102 6
1121 6
1140 6
1159 6
1178 6
1197 6
1216 6
1235 6
1254 6
1273 6
1292 6
1311 6
1330 6
1349 6
1368 6
1387 6
1406 6
1425 6
1444 6
24325 4
24324 4
24323 4
24322 4
24321 4
24330 4
24329 4
24328 4
24327 4
24326 4
24335 4
24334 4
24333 4
24332 4
24331 4
24340 4
24339 4
24338 4
24337 4
24336 4
24345 4
24344 4
24343 4
24342 4
24341 4
24350 4
24349 4
24348 4
24347 4
24346 4
24355 4
24354 4
24353 4
24352 4
24351 4
24360 4
24359 4
24358 4
24357 4
24356 4
24365 4
24364 4
24363 4
24362 4
24361 4
24370 4
24369 4
24368 4
24367 4
24366 4
24375 4
24374 4
24373 4
24372 4
24371 4
24380 4
24379 4
24378 4
24377 4
24376 4
24385 4
24384 4
24383 4
24382 4
24381 4
24390 4
24389 4
24388 4
24387 4
24386 4
24395 4
24394 4
24393 4
24392 4
24391 4
24400 4
24399 4
24398 4
24397 4
24396 4
24405 4
24404 4
24403 4
24402 4
24401 4
24410 4
24409 4
24408 4
24407 4
24406 4
24415 4
24414 4
24413 4
24412 4
24411 4
26144 6
26163 6
26182 6
26201 6
26220 6
26239 6
26258 6
26277 6
26296 6
26315 6
26334 6
26353 6
26372 6
26391 6
26410 6
26429 6
26448 6
26467 6
26486 6
26505 6
26524 6
26543 6
26562 6
26581 6
26600 6
26619 6
26638 6
26657 6
26676 6
26695 6
26714 6
26733 6
26752 6
26771 6
26790 6
26809 6
26828 6
26847 6
26866 6
26885 6
26904 6
26923 6
26942 6
26961 6
26980 6
26999 6
27018 6
27037 6
27056 6
27075 6
27094 6
27113 6
27132 6
27151 6
27170 6
27189 6
27208 6
27227 6
27246 6
27265 6
27284 6
27303 6
27322 6
27341 6
27360 6
27379 6
27398 6
27417 6
27436 6
27455 6
27474 6
27493 6
27512 6
27531 6
27550 6
27569 6
27588 6
27607 6
27626 6
27645 6
27664 6
27683 6
27702 6
27721 6
27740 6
27759 6
27778 6
27797 6
27816 6
27835 6
27854 6
27873 6
27892 6
27911 6
27930 6
27949 6
27968 6
27987 6
28006 6
28025 6
28044 6
28063 6
28082 6
28101 6
28120 6
28139 6
28158 6
28177 6
28196 6
28215 6
28234 6
28253 6
28272 6
28291 6
28310 6
28329 6
28348 6
28367 6
28386 6
28405 6
28424 6
28443 6
28462 6
28481 6
28500 6
28519 6
28538 6
28557 6
28576 6
28595 6
28614 6
28633 6
28652 6
28671 6
28690 6
28709 6
28728 6
28747 6
28766 6
28785 6
28804 6
28823 6
28842 6
28861 6
28880 6
28899 6
28918 6
28937 6
28956 6
28975 6
28994 6
29013 6
29032 6
29051 6
29070 6
29089 6
29108 6
29127 6
29146 6
29165 6
29184 6
29203 6
29222 6
29241 6
29260 6
29279 6
29298 6
29317 6
29336 6
29355 6
29374 6
29393 6
29412 6
29431 6
29450 6
29469 6
29488 6
29507 6
29526 6
29545 6
29564 6
29583 6
29602 6
29621 6
29640 6
29659 6
29678 6
29697 6
29716 6
29735 6
29754 6
29773 6
29792 6
29811 6
29830 6
29849 6
29868 6
29887 6
29906 6
29925 6
29944 6
29963 6
29982 6
30001 6
30020 6
30039 6
30058 6
30077 6
30096 6
30115 6
30134 6
30153 6
30172 6
30191 6
30210 6
30229 6
30248 6
30267 6
30286 6
30305 6
30324 6
30343 6
30362 6
30381 6
30400 6
30419 6
30438 6
30457 6
30476 6
30495 6
30514 6
30533 6
30552 6
30571 6
30590 6
30609 6
30628 6
30647 6
30666 6
30685 6
30704 6
30723 6
30742 6
30761 6
30780 6
30799 6
30818 6
30837 6
30856 6
30875 6
30894 6
30913 6
30932 6
30951 6
30970 6
30989 6
31008 6
31027 6
31046 6
31065 6
31084 6
31103 6
31122 6
31141 6
31160 6
31179 6
31198 6
31217 6
31236 6
31255 6
31274 6
31293 6
31312 6
31331 6
31350 6
31369 6
31388 6
31407 6
31426 6
31445 6
31464 6
31483 6
31502 6
31521 6
31540 6
31559 6
31578 6
31597 6
31616 6
31635 6
31654 6
31673 6
31692 6
31711 6
31730 6
31749 6
31768 6
31787 6
31806 6
31825 6
31844 6
31863 6
31882 6
31901 6
31920 6
31939 6
31958 6
31977 6
31996 6
32015 6
32034 6
32053 6
32072 6
32091 6
32110 6
32129 6
32148 6
32167 6
32186 6
32205 6
32224 6
32243 6
32262 6
32281 6
32300 6
32319 6
32338 6
32357 6
32376 6
32395 6
32414 6
32433 6
32452 6
32471 6
32490 6
32509 6
32528 6
32547 6
32566 6
32585 6
32604 6
32623 6
32642 6
32661 6
32680 6
32699 6
32718 6
32737 6
32756 6
32775 6
32794 6
32813 6
32832 6
32851 6
32870 6
32889 6
32908 6
32927 6
32946 6
32965 6
32984 6
722 3
361 3
721 3
360 3
720 3
359 3
719 3
358 3
718 3
357 3
717 3
356 3
716 3
355 3
715 3
354 3
714 3
353 3
713 3
352 3
712 3
351 3
711 3
350 3
710 3
349 3
709 3
348 3
708 3
347 3
707 3
346 3
706 3
345 3
705 3
344 3
704 3
343 3
19361 2
19362 2
19363 2
19364 2
19365 2
19366 2
19367 2
19368 2
19369 2
19370 2
19371 2
19372 2
19373 2
19374 2
19375 2
19376 2
19377 2
19378 2
19379 2
19380 2
2128 3
2090 3
2052 3
2014 3
1976 3
1938 3
1900 3
1862 3
1824 3
1786 3
1748 3
1710 3
1672 3
1634 3
1596 3
1558 3
1520 3
1482 3
2127 3
2089 3
2051 3
2013 3
1975 3
1937 3
1899 3
1861 3
1823 3
1785 3
1747 3
1709 3
1671 3
1633 3
1595 3
1557 3
1519 3
1481 3
3749 2
3750 2
3751 2
3752 2
3753 2
3754 2
3755 2
3756 2
3757 2
3758 2
3759 2
3760 2
3761 2
3762 2
3763 2
3764 2
3765 2
3766 2
3767 2
3768 2
3769 2
3770 2
3771 2
3772 2
3773 2
3774 2
3775 2
3776 2
3777 2
3778 2
3779 2
3780 2
3781 2
3782 2
3783 2
3784 2
3785 2
3786 2
3787 2
3788 2
3789 2
3790 2
3791 2
3792 2
3793 2
3794 2
3795 2
3796 2
3797 2
3798 2
3799 2
3800 2
3801 2
3802 2
3803 2
3804 2
3805 2
3806 2
3807 2
3808 2
3809 2
3810 2
3811 2
3812 2
3813 2
3814 2
3815 2
3816 2
3817 2
3818 2
3819 2
3820 2
3821 2
3822 2
3823 2
3824 2
3825 2
3826 2
3827 2
3828 2
3829 2
3830 2
3831 2
3832 2
3833 2
3834 2
3835 2
3836 2
3837 2
3838 2
19570 3
19569 3
19568 3
19567 3
19566 3
19565 3
19564 3
19563 3
19562 3
19561 3
19760 3
19759 3
19758 3
19757 3
19756 3
19755 3
19754 3
19753 3
19752 3
19751 3
19950 3
19949 3
19948 3
19947 3
19946 3
19945 3
19944 3
19943 3
19942 3
19941 3
20140 3
20139 3
20138 3
20137 3
20136 3
20135 3
20134 3
20133 3
20132 3
20131 3
20330 3
20329 3
20328 3
20327 3
20326 3
20325 3
20324 3
20323 3
20322 3
20321 3
10427 3
10522 3
10617 3
10712 3
10807 3
10902 3
10997 3
11092 3
11187 3
11282 3
11377 3
11472 3
11567 3
11662 3
11757 3
11852 3
11947 3
12042 3
12137 3
10428 3
10523 3
10618 3
10713 3
10808 3
10903 3
10998 3
11093 3
11188 3
11283 3
11378 3
11473 3
11568 3
11663 3
11758 3
11853 3
11948 3
12043 3
12138 3
10429 3
10524 3
10619 3
10714 3
10809 3
10904 3
10999 3
11094 3
11189 3
11284 3
11379 3
11474 3
11569 3
11664 3
11759 3
11854 3
11949 3
12044 3
12139 3
10430 3
10525 3
10620 3
10715 3
10810 3
10905 3
11000 3
11095 3
11190 3
11285 3
11380 3
11475 3
11570 3
11665 3
11760 3
11855 3
11950 3
12045 3
12140 3
10431 3
10526 3
10621 3
10716 3
10811 3
10906 3
11001 3
11096 3
11191 3
11286 3
11381 3
11476 3
11571 3
11666 3
11761 3
11856 3
11951 3
12046 3
12141 3
12484 3
12845 3
13206 3
13567 3
13928 3
14289 3
14650 3
15011 3
15372 3
15733 3
16094 3
16455 3
16816 3
17177 3
17538 3
17899 3
18260 3
18621 3
18982 3
12485 3
12846 3
13207 3
13568 3
13929 3
14290 3
14651 3
15012 3
15373 3
15734 3
16095 3
16456 3
16817 3
17178 3
17539 3
17900 3
18261 3
18622 3
18983 3
12486 3
12847 3
13208 3
13569 3
13930 3
14291 3
14652 3
15013 3
15374 3
15735 3
16096 3
16457 3
16818 3
17179 3
17540 3
17901 3
18262 3
18623 3
18984 3
12487 3
12848 3
13209 3
13570 3
13931 3
14292 3
14653 3
15014 3
15375 3
15736 3
16097 3
16458 3
16819 3
17180 3
17541 3
17902 3
18263 3
18624 3
18985 3
12488 3
12849 3
13210 3
13571 3
13932 3
14293 3
14654 3
15015 3
15376 3
15737 3
16098 3
16459 3
16820 3
17181 3
17542 3
17903 3
18264 3
18625 3
18986 3
12489 3
12850 3
13211 3
13572 3
13933 3
14294 3
14655 3
15016 3
15377 3
15738 3
16099 3
16460 3
16821 3
17182 3
17543 3
17904 3
18265 3
18626 3
18987 3
12490 3
12851 3
13212 3
13573 3
13934 3
14295 3
14656 3
15017 3
15378 3
15739 3
16100 3
16461 3
16822 3
17183 3
17544 3
17905 3
18266 3
18627 3
18988 3
12491 3
12852 3
13213 3
13574 3
13935 3
14296 3
14657 3
15018 3
15379 3
15740 3
16101 3
16462 3
16823 3
17184 3
17545 3
17906 3
18267 3
18628 3
18989 3
12492 3
12853 3
13214 3
13575 3
13936 3
14297 3
14658 3
15019 3
15380 3
15741 3
16102 3
16463 3
16824 3
17185 3
17546 3
17907 3
18268 3
18629 3
18990 3
12493 3
12854 3
13215 3
13576 3
13937 3
14298 3
14659 3
15020 3
15381 3
15742 3
16103 3
16464 3
16825 3
17186 3
17547 3
17908 3
18269 3
18630 3
18991 3
12494 3
12855 3
13216 3
13577 3
13938 3
14299 3
14660 3
15021 3
15382 3
15743 3
16104 3
16465 3
16826 3
17187 3
17548 3
17909 3
18270 3
18631 3
18992 3
12495 3
12856 3
13217 3
13578 3
13939 3
14300 3
14661 3
15022 3
15383 3
15744 3
16105 3
16466 3
16827 3
17188 3
17549 3
17910 3
18271 3
18632 3
18993 3
12496 3
12857 3
13218 3
13579 3
13940 3
14301 3
14662 3
15023 3
15384 3
15745 3
16106 3
16467 3
16828 3
17189 3
17550 3
17911 3
18272 3
18633 3
18994 3
12497 3
12858 3
13219 3
13580 3
13941 3
14302 3
14663 3
15024 3
15385 3
15746 3
16107 3
16468 3
16829 3
17190 3
17551 3
17912 3
18273 3
18634 3
18995 3
12498 3
12859 3
13220 3
13581 3
13942 3
14303 3
14664 3
15025 3
15386 3
15747 3
16108 3
16469 3
16830 3
17191 3
17552 3
17913 3
18274 3
18635 3
18996 3
12499 3
12860 3
13221 3
13582 3
13943 3
14304 3
14665 3
15026 3
15387 3
15748 3
16109 3
16470 3
16831 3
17192 3
17553 3
17914 3
18275 3
18636 3
18997 3
12500 3
12861 3
13222 3
13583 3
13944 3
14305 3
14666 3
15027 3
15388 3
15749 3
16110 3
16471 3
16832 3
17193 3
17554 3
17915 3
18276 3
18637 3
18998 3
12501 3
12862 3
13223 3
13584 3
13945 3
14306 3
14667 3
15028 3
15389 3
15750 3
16111 3
16472 3
16833 3
17194 3
17555 3
17916 3
18277 3
18638 3
18999 3
12502 3
12863 3
13224 3
13585 3
13946 3
14307 3
14668 3
15029 3
15390 3
15751 3
16112 3
16473 3
16834 3
17195 3
17556 3
17917 3
18278 3
18639 3
19000 3
23751 2
23752 2
23753 2
23754 2
23755 2
23756 2
23757 2
23758 2
23759 2
23760 2
23761 2
23762 2
23763 2
23764 2
23765 2
23766 2
23767 2
23768 2
23769 2
23770 2
23771 2
23772 2
23773 2
23774 2
23775 2
23776 2
23777 2
23778 2
23779 2
23780 2
23781 2
23782 2
23783 2
23784 2
23785 2
23786 2
23787 2
23788 2
23789 2
23790 2
23791 2
23792 2
23793 2
23794 2
23795 2
23796 2
23797 2
23798 2
23799 2
23800 2
23801 2
23802 2
23803 2
23804 2
23805 2
23806 2
23807 2
23808 2
23809 2
23810 2
23811 2
23812 2
23813 2
23814 2
23815 2
23816 2
23817 2
23818 2
23819 2
23820 2
23821 2
23822 2
23823 2
23824 2
23825 2
23826 2
23827 2
23828 2
23829 2
23830 2
23831 2
23832 2
23833 2
23834 2
23835 2
23836 2
23837 2
23838 2
23839 2
23840 2
23841 2
23842 2
23843 2
23844 2
23845 2
23846 2
23847 2
23848 2
23849 2
23850 2
23851 2
23852 2
23853 2
23854 2
23855 2
23856 2
23857 2
23858 2
23859 2
23860 2
23861 2
23862 2
23863 2
23864 2
23865 2
23866 2
23867 2
23868 2
23869 2
23870 2
23871 2
23872 2
23873 2
23874 2
23875 2
23876 2
23877 2
23878 2
23879 2
23880 2
23881 2
23882 2
23883 2
23884 2
23885 2
23886 2
23887 2
23888 2
23889 2
23890 2
23891 2
23892 2
23893 2
23894 2
23895 2
23896 2
23897 2
23898 2
23899 2
23900 2
23901 2
23902 2
23903 2
23904 2
23905 2
23906 2
23907 2
23908 2
23909 2
23910 2
23911 2
23912 2
23913 2
23914 2
23915 2
23916 2
23917 2
23918 2
23919 2
23920 2
23921 2
23922 2
23923 2
23924 2
23925 2
23926 2
23927 2
23928 2
23929 2
23930 2
23931 2
23932 2
23933 2
23934 2
23935 2
23936 2
23937 2
23938 2
23939 2
23940 2
9995 2
9996 2
9997 2
9998 2
9999 2
10000 2
10001 2
10002 2
10003 2
10004 2
10005 2
10006 2
10007 2
10008 2
10009 2
10010 2
10011 2
10012 2
10013 2
10014 2
10015 2
10016 2
10017 2
10018 2
10019 2
10020 2
10021 2
10022 2
10023 2
10024 2
10025 2
10026 2
10027 2
10028 2
10029 2
10030 2
10031 2
10032 2
10033 2
10034 2
10035 2
10036 2
10037 2
10038 2
10039 2
10040 2
10041 2
10042 2
10043 2
10044 2
10045 2
10046 2
10047 2
10048 2
10049 2
10050 2
10051 2
10052 2
10053 2
10054 2
10055 2
10056 2
10057 2
10058 2
10059 2
10060 2
10061 2
10062 2
10063 2
10064 2
10065 2
10066 2
10067 2
10068 2
10069 2
10070 2
10071 2
10072 2
10073 2
10074 2
10075 2
10076 2
10077 2
10078 2
10079 2
10080 2
10081 2
10082 2
10083 2
10084 2
10085 2
10086 2
10087 2
10088 2
10089 2
10090 2
10091 2
10092 2
10093 2
10094 2
10095 2
10096 2
10097 2
10098 2
10099 2
10100 2
10101 2
10102 2
10103 2
10104 2
10105 2
10106 2
10107 2
10108 2
10109 2
10110 2
10111 2
10112 2
10113 2
10114 2
10115 2
10116 2
10117 2
10118 2
10119 2
10120 2
10121 2
10122 2
10123 2
10124 2
10125 2
10126 2
10127 2
10128 2
10129 2
10130 2
10131 2
10132 2
10133 2
10134 2
10135 2
10136 2
10137 2
10138 2
10139 2
10140 2
10141 2
10142 2
10143 2
10144 2
10145 2
10146 2
10147 2
10148 2
10149 2
10150 2
10151 2
10152 2
10153 2
10154 2
10155 2
10156 2
10157 2
10158 2
10159 2
10160 2
10161 2
10162 2
10163 2
10164 2
10165 2
10166 2
10167 2
10168 2
10169 2
10170 2
10171 2
10172 2
10173 2
10174 2
10175 2
10176 2
10177 2
10178 2
10179 2
10180 2
10181 2
10182 2
10183 2
10184 2
10185 2
10186 2
10187 2
10188 2
10189 2
10190 2
10191 2
10192 2
10193 2
10194 2
10195 2
10196 2
10197 2
10198 2
10199 2
10200 2
10201 2
10202 2
10203 2
10204 2
10205 2
10206 2
10207 2
10208 2
10209 2
10210 2
10211 2
10212 2
10213 2
10214 2
10215 2
10216 2
10217 2
10218 2
10219 2
10220 2
10221 2
10222 2
10223 2
10224 2
10225 2
10226 2
10227 2
10228 2
10229 2
10230 2
10231 2
10232 2
10233 2
10234 2
10235 2
10236 2
10237 2
10238 2
10239 2
10240 2
10241 2
10242 2
10243 2
10244 2
10245 2
10246 2
10247 2
10248 2
10249 2
10250 2
10251 2
10252 2
10253 2
10254 2
10255 2
10256 2
10257 2
10258 2
10259 2
10260 2
10261 2
10262 2
10263 2
10264 2
10265 2
10266 2
10267 2
10268 2
10269 2
10270 2
10271 2
10272 2
10273 2
10274 2
10275 2
10276 2
10277 2
10278 2
10279 2
10280 2
10281 2
10282 2
10283 2
10284 2
10285 2
10286 2
10287 2
10288 2
10289 2
10290 2
10291 2
10292 2
10293 2
10294 2
10295 2
10296 2
10297 2
10298 2
10299 2
10300 2
10301 2
10302 2
10303 2
10304 2
10305 2
10306 2
10307 2
10308 2
10309 2
10310 2
10311 2
10312 2
10313 2
10314 2
10315 2
10316 2
10317 2
10318 2
10319 2
10320 2
10321 2
10322 2
10323 2
10324 2
10325 2
10326 2
10327 2
10328 2
10329 2
10330 2
10331 2
10332 2
10333 2
10334 2
10335 2
10336 2
12160 6
12179 6
12198 6
12217 6
12236 6
12255 6
12274 6
12293 6
12312 6
12331 6
12350 6
12369 6
12388 6
12407 6
12426 6
12445 6
12464 6
12483 6
12502 6
12521 6
12540 6
12559 6
12578 6
12597 6
12616 6
12635 6
12654 6
12673 6
12692 6
12711 6
12730 6
12749 6
12768 6
12787 6
12806 6
12825 6
12844 6
12863 6
12882 6
12901 6
12920 6
12939 6
12958 6
12977 6
12996 6
13015 6
13034 6
13053 6
13072 6
13091 6
13110 6
13129 6
13148 6
13167 6
13186 6
13205 6
13224 6
13243 6
13262 6
13281 6
13300 6
13319 6
13338 6
13357 6
13376 6
13395 6
13414 6
13433 6
13452 6
13471 6
13490 6
13509 6
13528 6
13547 6
13566 6
13585 6
13604 6
13623 6
13642 6
13661 6
13680 6
13699 6
13718 6
13737 6
13756 6
13775 6
13794 6
13813 6
13832 6
13851 6
13870 6
13889 6
13908 6
13927 6
13946 6
13965 6
13984 6
14003 6
14022 6
14041 6
14060 6
14079 6
14098 6
14117 6
14136 6
14155 6
14174 6
14193 6
14212 6
14231 6
14250 6
14269 6
14288 6
14307 6
14326 6
14345 6
14364 6
14383 6
14402 6
14421 6
14440 6
14459 6
14478 6
14497 6
14516 6
14535 6
14554 6
14573 6
14592 6
14611 6
14630 6
14649 6
14668 6
14687 6
14706 6
14725 6
14744 6
14763 6
14782 6
14801 6
14820 6
14839 6
14858 6
14877 6
14896 6
14915 6
14934 6
14953 6
14972 6
14991 6
15010 6
15029 6
15048 6
15067 6
15086 6
15105 6
15124 6
15143 6
15162 6
15181 6
15200 6
15219 6
15238 6
15257 6
15276 6
15295 6
15314 6
15333 6
15352 6
15371 6
15390 6
15409 6
15428 6
15447 6
15466 6
15485 6
15504 6
15523 6
15542 6
15561 6
15580 6
15599 6
15618 6
15637 6
15656 6
15675 6
15694 6
15713 6
15732 6
15751 6
15770 6
15789 6
15808 6
15827 6
15846 6
15865 6
15884 6
15903 6
15922 6
15941 6
15960 6
15979 6
15998 6
16017 6
16036 6
16055 6
16074 6
16093 6
16112 6
16131 6
16150 6
16169 6
16188 6
16207 6
16226 6
16245 6
16264 6
16283 6
16302 6
16321 6
16340 6
16359 6
16378 6
16397 6
16416 6
16435 6
16454 6
16473 6
16492 6
16511 6
16530 6
16549 6
16568 6
16587 6
16606 6
16625 6
16644 6
16663 6
16682 6
16701 6
16720 6
16739 6
16758 6
16777 6
16796 6
16815 6
16834 6
16853 6
16872 6
16891 6
16910 6
16929 6
16948 6
16967 6
16986 6
17005 6
17024 6
17043 6
17062 6
17081 6
17100 6
17119 6
17138 6
17157 6
17176 6
17195 6
17214 6
17233 6
17252 6
17271 6
17290 6
17309 6
17328 6
17347 6
17366 6
17385 6
17404 6
17423 6
17442 6
17461 6
17480 6
17499 6
17518 6
17537 6
17556 6
17575 6
17594 6
17613 6
17632 6
17651 6
17670 6
17689 6
17708 6
17727 6
17746 6
17765 6
17784 6
17803 6
17822 6
17841 6
17860 6
17879 6
17898 6
17917 6
17936 6
17955 6
17974 6
17993 6
18012 6
18031 6
18050 6
18069 6
18088 6
18107 6
18126 6
18145 6
18164 6
18183 6
18202 6
18221 6
18240 6
18259 6
18278 6
18297 6
18316 6
18335 6
18354 6
18373 6
18392 6
18411 6
18430 6
18449 6
18468 6
18487 6
18506 6
18525 6
18544 6
18563 6
18582 6
18601 6
18620 6
18639 6
18658 6
18677 6
18696 6
18715 6
18734 6
18753 6
18772 6
18791 6
18810 6
18829 6
18848 6
18867 6
18886 6
18905 6
18924 6
18943 6
18962 6
18981 6
19000 6
20340 1
20530 1
20720 1
20910 1
21100 1
21290 1
21480 1
21670 1
21860 1
22050 1
22240 1
22430 1
22620 1
22810 1
23000 1
23190 1
23380 1
23570 1
23760 1
20339 1
20529 1
20719 1
20909 1
21099 1
21289 1
21479 1
21669 1
21859 1
22049 1
22239 1
22429 1
22619 1
22809 1
22999 1
23189 1
23379 1
23569 1
23759 1
20338 1
20528 1
20718 1
20908 1
21098 1
21288 1
21478 1
21668 1
21858 1
22048 1
22238 1
22428 1
22618 1
22808 1
22998 1
23188 1
23378 1
23568 1
23758 1
20337 1
20527 1
20717 1
20907 1
21097 1
21287 1
21477 1
21667 1
21857 1
22047 1
22237 1
22427 1
22617 1
22807 1
22997 1
23187 1
23377 1
23567 1
23757 1
20336 1
20526 1
20716 1
20906 1
21096 1
21286 1
21476 1
21666 1
21856 1
22046 1
22236 1
22426 1
22616 1
22806 1
22996 1
23186 1
23376 1
23566 1
23756 1
20335 1
20525 1
20715 1
20905 1
21095 1
21285 1
21475 1
21665 1
21855 1
22045 1
22235 1
22425 1
22615 1
22805 1
22995 1
23185 1
23375 1
23565 1
23755 1
20334 1
20524 1
20714 1
20904 1
21094 1
21284 1
21474 1
21664 1
21854 1
22044 1
22234 1
22424 1
22614 1
22804 1
22994 1
23184 1
23374 1
23564 1
23754 1
20333 1
20523 1
20713 1
20903 1
21093 1
21283 1
21473 1
21663 1
21853 1
22043 1
22233 1
22423 1
22613 1
22803 1
22993 1
23183 1
23373 1
23563 1
23753 1
20332 1
20522 1
20712 1
20902 1
21092 1
21282 1
21472 1
21662 1
21852 1
22042 1
22232 1
22422 1
22612 1
22802 1
22992 1
23182 1
23372 1
23562 1
23752 1
20331 1
20521 1
20711 1
20901 1
21091 1
21281 1
21471 1
21661 1
21851 1
22041 1
22231 1
22421 1
22611 1
22801 1
22991 1
23181 1
23371 1
23561 1
23751 1
4180 6
4522 6
4864 6
5206 6
5548 6
5890 6
6232 6
6574 6
6916 6
7258 6
7600 6
7942 6
8284 6
8626 6
8968 6
9310 6
9652 6
9994 6
10336 6
4161 6
4503 6
4845 6
5187 6
5529 6
5871 6
6213 6
6555 6
6897 6
7239 6
7581 6
7923 6
8265 6
8607 6
8949 6
9291 6
9633 6
9975 6
10317 6
4142 6
4484 6
4826 6
5168 6
5510 6
5852 6
6194 6
6536 6
6878 6
7220 6
7562 6
7904 6
8246 6
8588 6
8930 6
9272 6
9614 6
9956 6
10298 6
4123 6
4465 6
4807 6
5149 6
5491 6
5833 6
6175 6
6517 6
6859 6
7201 6
7543 6
7885 6
8227 6
8569 6
8911 6
9253 6
9595 6
9937 6
10279 6
4104 6
4446 6
4788 6
5130 6
5472 6
5814 6
6156 6
6498 6
6840 6
7182 6
7524 6
7866 6
8208 6
8550 6
8892 6
9234 6
9576 6
9918 6
10260 6
4085 6
4427 6
4769 6
5111 6
5453 6
5795 6
6137 6
6479 6
6821 6
7163 6
7505 6
7847 6
8189 6
8531 6
8873 6
9215 6
9557 6
9899 6
10241 6
4066 6
4408 6
4750 6
5092 6
5434 6
5776 6
6118 6
6460 6
6802 6
7144 6
7486 6
7828 6
8170 6
8512 6
8854 6
9196 6
9538 6
9880 6
10222 6
4047 6
4389 6
4731 6
5073 6
5415 6
5757 6
6099 6
6441 6
6783 6
7125 6
7467 6
7809 6
8151 6
8493 6
8835 6
9177 6
9519 6
9861 6
10203 6
4028 6
4370 6
4712 6
5054 6
5396 6
5738 6
6080 6
6422 6
6764 6
7106 6
7448 6
7790 6
8132 6
8474 6
8816 6
9158 6
9500 6
9842 6
10184 6
4009 6
4351 6
4693 6
5035 6
5377 6
5719 6
6061 6
6403 6
6745 6
7087 6
7429 6
7771 6
8113 6
8455 6
8797 6
9139 6
9481 6
9823 6
10165 6
3990 6
4332 6
4674 6
5016 6
5358 6
5700 6
6042 6
6384 6
6726 6
7068 6
7410 6
7752 6
8094 6
8436 6
8778 6
9120 6
9462 6
9804 6
10146 6
3971 6
4313 6
4655 6
4997 6
5339 6
5681 6
6023 6
6365 6
6707 6
7049 6
7391 6
7733 6
8075 6
8417 6
8759 6
9101 6
9443 6
9785 6
10127 6
3952 6
4294 6
4636 6
4978 6
5320 6
5662 6
6004 6
6346 6
6688 6
7030 6
7372 6
7714 6
8056 6
8398 6
8740 6
9082 6
9424 6
9766 6
10108 6
3933 6
4275 6
4617 6
4959 6
5301 6
5643 6
5985 6
6327 6
6669 6
7011 6
7353 6
7695 6
8037 6
8379 6
8721 6
9063 6
9405 6
9747 6
10089 6
3914 6
4256 6
4598 6
4940 6
5282 6
5624 6
5966 6
6308 6
6650 6
6992 6
7334 6
7676 6
8018 6
8360 6
8702 6
9044 6
9386 6
9728 6
10070 6
3895 6
4237 6
4579 6
4921 6
5263 6
5605 6
5947 6
6289 6
6631 6
6973 6
7315 6
7657 6
7999 6
8341 6
8683 6
9025 6
9367 6
9709 6
10051 6
3876 6
4218 6
4560 6
4902 6
5244 6
5586 6
5928 6
6270 6
6612 6
6954 6
7296 6
7638 6
7980 6
8322 6
8664 6
9006 6
9348 6
9690 6
10032 6
3857 6
4199 6
4541 6
4883 6
5225 6
5567 6
5909 6
6251 6
6593 6
6935 6
7277 6
7619 6
7961 6
8303 6
8645 6
8987 6
9329 6
9671 6
10013 6
39957 4
39956 4
39955 4
39954 4
39953 4
39952 4
39951 4
39950 4
39949 4
39948 4
39947 4
39946 4
39945 4
39944 4
39943 4
39942 4
39941 4
39940 4
39939 4
39976 4
39975 4
39974 4
39973 4
39972 4
39971 4
39970 4
39969 4
39968 4
39967 4
39966 4
39965 4
39964 4
39963 4
39962 4
39961 4
39960 4
39959 4
39958 4
39995 4
39994 4
39993 4
39992 4
39991 4
39990 4
39989 4
39988 4
39987 4
39986 4
39985 4
39984 4
39983 4
39982 4
39981 4
39980 4
39979 4
39978 4
39977 4
40014 4
40013 4
40012 4
40011 4
40010 4
40009 4
40008 4
40007 4
40006 4
40005 4
40004 4
40003 4
40002 4
40001 4
40000 4
39999 4
39998 4
39997 4
39996 4
40033 4
40032 4
40031 4
40030 4
40029 4
40028 4
40027 4
40026 4
40025 4
40024 4
40023 4
40022 4
40021 4
40020 4
40019 4
40018 4
40017 4
40016 4
40015 4
40052 4
40051 4
40050 4
40049 4
40048 4
40047 4
40046 4
40045 4
40044 4
40043 4
40042 4
40041 4
40040 4
40039 4
40038 4
40037 4
40036 4
40035 4
40034 4
40071 4
40070 4
40069 4
40068 4
40067 4
40066 4
40065 4
40064 4
40063 4
40062 4
40061 4
40060 4
40059 4
40058 4
40057 4
40056 4
40055 4
40054 4
40053 4
40090 4
40089 4
40088 4
40087 4
40086 4
40085 4
40084 4
40083 4
40082 4
40081 4
40080 4
40079 4
40078 4
40077 4
40076 4
40075 4
40074 4
40073 4
40072 4
40109 4
40108 4
40107 4
40106 4
40105 4
40104 4
40103 4
40102 4
40101 4
40100 4
40099 4
40098 4
40097 4
40096 4
40095 4
40094 4
40093 4
40092 4
40091 4
40128 4
40127 4
40126 4
40125 4
40124 4
40123 4
40122 4
40121 4
40120 4
40119 4
40118 4
40117 4
40116 4
40115 4
40114 4
40113 4
40112 4
40111 4
40110 4
40147 4
40146 4
40145 4
40144 4
40143 4
40142 4
40141 4
40140 4
40139 4
40138 4
40137 4
40136 4
40135 4
40134 4
40133 4
40132 4
40131 4
40130 4
40129 4
40166 4
40165 4
40164 4
40163 4
40162 4
40161 4
40160 4
40159 4
40158 4
40157 4
40156 4
40155 4
40154 4
40153 4
40152 4
40151 4
40150 4
40149 4
40148 4
40185 4
40184 4
40183 4
40182 4
40181 4
40180 4
40179 4
40178 4
40177 4
40176 4
40175 4
40174 4
40173 4
40172 4
40171 4
40170 4
40169 4
40168 4
40167 4
40204 4
40203 4
40202 4
40201 4
40200 4
40199 4
40198 4
40197 4
40196 4
40195 4
40194 4
40193 4
40192 4
40191 4
40190 4
40189 4
40188 4
40187 4
40186 4
40223 4
40222 4
40221 4
40220 4
40219 4
40218 4
40217 4
40216 4
40215 4
40214 4
40213 4
40212 4
40211 4
40210 4
40209 4
40208 4
40207 4
40206 4
40205 4
40242 4
40241 4
40240 4
40239 4
40238 4
40237 4
40236 4
40235 4
40234 4
40233 4
40232 4
40231 4
40230 4
40229 4
40228 4
40227 4
40226 4
40225 4
40224 4
40261 4
40260 4
40259 4
40258 4
40257 4
40256 4
40255 4
40254 4
40253 4
40252 4
40251 4
40250 4
40249 4
40248 4
40247 4
40246 4
40245 4
40244 4
40243 4
40280 4
40279 4
40278 4
40277 4
40276 4
40275 4
40274 4
40273 4
40272 4
40271 4
40270 4
40269 4
40268 4
40267 4
40266 4
40265 4
40264 4
40263 4
40262 4
34637 4
34636 4
34635 4
34634 4
34633 4
34632 4
34631 4
34630 4
34629 4
34628 4
34627 4
34626 4
34625 4
34624 4
34623 4
34622 4
34621 4
34620 4
34619 4
34656 4
34655 4
34654 4
34653 4
34652 4
34651 4
34650 4
34649 4
34648 4
34647 4
34646 4
34645 4
34644 4
34643 4
34642 4
34641 4
34640 4
34639 4
34638 4
34675 4
34674 4
34673 4
34672 4
34671 4
34670 4
34669 4
34668 4
34667 4
34666 4
34665 4
34664 4
34663 4
34662 4
34661 4
34660 4
34659 4
34658 4
34657 4
34694 4
34693 4
34692 4
34691 4
34690 4
34689 4
34688 4
34687 4
34686 4
34685 4
34684 4
34683 4
34682 4
34681 4
34680 4
34679 4
34678 4
34677 4
34676 4
34713 4
34712 4
34711 4
34710 4
34709 4
34708 4
34707 4
34706 4
34705 4
34704 4
34703 4
34702 4
34701 4
34700 4
34699 4
34698 4
34697 4
34696 4
34695 4
34732 4
34731 4
34730 4
34729 4
34728 4
34727 4
34726 4
34725 4
34724 4
34723 4
34722 4
34721 4
34720 4
34719 4
34718 4
34717 4
34716 4
34715 4
34714 4
34751 4
34750 4
34749 4
34748 4
34747 4
34746 4
34745 4
34744 4
34743 4
34742 4
34741 4
34740 4
34739 4
34738 4
34737 4
34736 4
34735 4
34734 4
34733 4
34770 4
34769 4
34768 4
34767 4
34766 4
34765 4
34764 4
34763 4
34762 4
34761 4
34760 4
34759 4
34758 4
34757 4
34756 4
34755 4
34754 4
34753 4
34752 4
34789 4
34788 4
34787 4
34786 4
34785 4
34784 4
34783 4
34782 4
34781 4
34780 4
34779 4
34778 4
34777 4
34776 4
34775 4
34774 4
34773 4
34772 4
34771 4
34808 4
34807 4
34806 4
34805 4
34804 4
34803 4
34802 4
34801 4
34800 4
34799 4
34798 4
34797 4
34796 4
34795 4
34794 4
34793 4
34792 4
34791 4
34790 4
32984 3
32623 3
32262 3
31901 3
31540 3
31179 3
30818 3
30457 3
30096 3
29735 3
29374 3
29013 3
28652 3
28291 3
27930 3
27569 3
27208 3
26847 3
26486 3
32983 3
32622 3
32261 3
31900 3
31539 3
31178 3
30817 3
30456 3
30095 3
29734 3
29373 3
29012 3
28651 3
28290 3
27929 3
27568 3
27207 3
26846 3
26485 3
32982 3
32621 3
32260 3
31899 3
31538 3
31177 3
30816 3
30455 3
30094 3
29733 3
29372 3
29011 3
28650 3
28289 3
27928 3
27567 3
27206 3
26845 3
26484 3
32981 3
32620 3
32259 3
31898 3
31537 3
31176 3
30815 3
30454 3
30093 3
29732 3
29371 3
29010 3
28649 3
28288 3
27927 3
27566 3
27205 3
26844 3
26483 3
32980 3
32619 3
32258 3
31897 3
31536 3
31175 3
30814 3
30453 3
30092 3
29731 3
29370 3
29009 3
28648 3
28287 3
27926 3
27565 3
27204 3
26843 3
26482 3
32979 3
32618 3
32257 3
31896 3
31535 3
31174 3
30813 3
30452 3
30091 3
29730 3
29369 3
29008 3
28647 3
28286 3
27925 3
27564 3
27203 3
26842 3
26481 3
32978 3
32617 3
32256 3
31895 3
31534 3
31173 3
30812 3
30451 3
30090 3
29729 3
29368 3
29007 3
28646 3
28285 3
27924 3
27563 3
27202 3
26841 3
26480 3
32977 3
32616 3
32255 3
31894 3
31533 3
31172 3
30811 3
30450 3
30089 3
29728 3
29367 3
29006 3
28645 3
28284 3
27923 3
27562 3
27201 3
26840 3
26479 3
32976 3
32615 3
32254 3
31893 3
31532 3
31171 3
30810 3
30449 3
30088 3
29727 3
29366 3
29005 3
28644 3
28283 3
27922 3
27561 3
27200 3
26839 3
26478 3
32975 3
32614 3
32253 3
31892 3
31531 3
31170 3
30809 3
30448 3
30087 3
29726 3
29365 3
29004 3
28643 3
28282 3
27921 3
27560 3
27199 3
26838 3
26477 3
32974 3
32613 3
32252 3
31891 3
31530 3
31169 3
30808 3
30447 3
30086 3
29725 3
29364 3
29003 3
28642 3
28281 3
27920 3
27559 3
27198 3
26837 3
26476 3
32973 3
32612 3
32251 3
31890 3
31529 3
31168 3
30807 3
30446 3
30085 3
29724 3
29363 3
29002 3
28641 3
28280 3
27919 3
27558 3
27197 3
26836 3
26475 3
32972 3
32611 3
32250 3
31889 3
31528 3
31167 3
30806 3
30445 3
30084 3
29723 3
29362 3
29001 3
28640 3
28279 3
27918 3
27557 3
27196 3
26835 3
26474 3
32971 3
32610 3
32249 3
31888 3
31527 3
31166 3
30805 3
30444 3
30083 3
29722 3
29361 3
29000 3
28639 3
28278 3
27917 3
27556 3
27195 3
26834 3
26473 3
32970 3
32609 3
32248 3
31887 3
31526 3
31165 3
30804 3
30443 3
30082 3
29721 3
29360 3
28999 3
28638 3
28277 3
27916 3
27555 3
27194 3
26833 3
26472 3
32969 3
32608 3
32247 3
31886 3
31525 3
31164 3
30803 3
30442 3
30081 3
29720 3
29359 3
28998 3
28637 3
28276 3
27915 3
27554 3
27193 3
26832 3
26471 3
32968 3
32607 3
32246 3
31885 3
31524 3
31163 3
30802 3
30441 3
30080 3
29719 3
29358 3
28997 3
28636 3
28275 3
27914 3
27553 3
27192 3
26831 3
26470 3
32967 3
32606 3
32245 3
31884 3
31523 3
31162 3
30801 3
30440 3
30079 3
29718 3
29357 3
28996 3
28635 3
28274 3
27913 3
27552 3
27191 3
26830 3
26469 3
32966 3
32605 3
32244 3
31883 3
31522 3
31161 3
30800 3
30439 3
30078 3
29717 3
29356 3
28995 3
28634 3
28273 3
27912 3
27551 3
27190 3
26829 3
26468 3
