2 0.0
1786
12160 6
12179 6
12198 6
12217 6
12236 6
12255 6
12274 6
12293 6
12312 6
12331 6
12350 6
12369 6
12388 6
12407 6
12426 6
12445 6
12464 6
12483 6
12502 6
12521 6
12540 6
12559 6
12578 6
12597 6
12616 6
12635 6
12654 6
12673 6
12692 6
12711 6
12730 6
12749 6
12768 6
12787 6
12806 6
12825 6
12844 6
12863 6
12882 6
12901 6
12920 6
12939 6
12958 6
12977 6
12996 6
13015 6
13034 6
13053 6
13072 6
13091 6
13110 6
13129 6
13148 6
13167 6
13186 6
13205 6
13224 6
13243 6
13262 6
13281 6
13300 6
13319 6
13338 6
13357 6
13376 6
13395 6
13414 6
13433 6
13452 6
13471 6
13490 6
13509 6
13528 6
13547 6
13566 6
13585 6
13604 6
13623 6
13642 6
13661 6
13680 6
13699 6
13718 6
13737 6
13756 6
13775 6
13794 6
13813 6
13832 6
13851 6
13870 6
13889 6
13908 6
13927 6
13946 6
13965 6
13984 6
14003 6
14022 6
14041 6
14060 6
14079 6
14098 6
14117 6
14136 6
14155 6
14174 6
14193 6
14212 6
14231 6
14250 6
14269 6
14288 6
14307 6
14326 6
14345 6
14364 6
14383 6
14402 6
14421 6
14440 6
14459 6
14478 6
14497 6
14516 6
14535 6
14554 6
14573 6
14592 6
14611 6
14630 6
14649 6
14668 6
14687 6
14706 6
14725 6
14744 6
14763 6
14782 6
14801 6
14820 6
14839 6
14858 6
14877 6
14896 6
14915 6
14934 6
14953 6
14972 6
14991 6
15010 6
15029 6
15048 6
15067 6
15086 6
15105 6
15124 6
15143 6
15162 6
15181 6
15200 6
15219 6
15238 6
15257 6
15276 6
15295 6
15314 6
15333 6
15352 6
15371 6
15390 6
15409 6
15428 6
15447 6
15466 6
15485 6
15504 6
15523 6
15542 6
15561 6
15580 6
15599 6
15618 6
15637 6
15656 6
15675 6
15694 6
15713 6
15732 6
15751 6
15770 6
15789 6
15808 6
15827 6
15846 6
15865 6
15884 6
15903 6
15922 6
15941 6
15960 6
15979 6
15998 6
16017 6
16036 6
16055 6
16074 6
16093 6
16112 6
16131 6
16150 6
16169 6
16188 6
16207 6
16226 6
16245 6
16264 6
16283 6
16302 6
16321 6
16340 6
16359 6
16378 6
16397 6
16416 6
16435 6
16454 6
16473 6
16492 6
16511 6
16530 6
16549 6
16568 6
16587 6
16606 6
16625 6
16644 6
16663 6
16682 6
16701 6
16720 6
16739 6
16758 6
16777 6
16796 6
16815 6
16834 6
16853 6
16872 6
16891 6
16910 6
16929 6
16948 6
16967 6
16986 6
17005 6
17024 6
17043 6
17062 6
17081 6
17100 6
17119 6
17138 6
17157 6
17176 6
17195 6
17214 6
17233 6
17252 6
17271 6
17290 6
17309 6
17328 6
17347 6
17366 6
17385 6
17404 6
17423 6
17442 6
17461 6
17480 6
17499 6
17518 6
17537 6
17556 6
17575 6
17594 6
17613 6
17632 6
17651 6
17670 6
17689 6
17708 6
17727 6
17746 6
17765 6
17784 6
17803 6
17822 6
17841 6
17860 6
17879 6
17898 6
17917 6
17936 6
17955 6
17974 6
17993 6
18012 6
18031 6
18050 6
18069 6
18088 6
18107 6
18126 6
18145 6
18164 6
18183 6
18202 6
18221 6
18240 6
18259 6
18278 6
18297 6
18316 6
18335 6
18354 6
18373 6
18392 6
18411 6
18430 6
18449 6
18468 6
18487 6
18506 6
18525 6
18544 6
18563 6
18582 6
18601 6
18620 6
18639 6
18658 6
18677 6
18696 6
18715 6
18734 6
18753 6
18772 6
18791 6
18810 6
18829 6
18848 6
18867 6
18886 6
18905 6
18924 6
18943 6
18962 6
18981 6
19000 6
20340 1
20530 1
20720 1
20910 1
21100 1
21290 1
21480 1
21670 1
21860 1
22050 1
22240 1
22430 1
22620 1
22810 1
23000 1
23190 1
23380 1
23570 1
23760 1
20339 1
20529 1
20719 1
20909 1
21099 1
21289 1
21479 1
21669 1
21859 1
22049 1
22239 1
22429 1
22619 1
22809 1
22999 1
23189 1
23379 1
23569 1
23759 1
20338 1
20528 1
20718 1
20908 1
21098 1
21288 1
21478 1
21668 1
21858 1
22048 1
22238 1
22428 1
22618 1
22808 1
22998 1
23188 1
23378 1
23568 1
23758 1
20337 1
20527 1
20717 1
20907 1
21097 1
21287 1
21477 1
21667 1
21857 1
22047 1
22237 1
22427 1
22617 1
22807 1
22997 1
23187 1
23377 1
23567 1
23757 1
20336 1
20526 1
20716 1
20906 1
21096 1
21286 1
21476 1
21666 1
21856 1
22046 1
22236 1
22426 1
22616 1
22806 1
22996 1
23186 1
23376 1
23566 1
23756 1
20335 1
20525 1
20715 1
20905 1
21095 1
21285 1
21475 1
21665 1
21855 1
22045 1
22235 1
22425 1
22615 1
22805 1
22995 1
23185 1
23375 1
23565 1
23755 1
20334 1
20524 1
20714 1
20904 1
21094 1
21284 1
21474 1
21664 1
21854 1
22044 1
22234 1
22424 1
22614 1
22804 1
22994 1
23184 1
23374 1
23564 1
23754 1
20333 1
20523 1
20713 1
20903 1
21093 1
21283 1
21473 1
21663 1
21853 1
22043 1
22233 1
22423 1
22613 1
22803 1
22993 1
23183 1
23373 1
23563 1
23753 1
20332 1
20522 1
20712 1
20902 1
21092 1
21282 1
21472 1
21662 1
21852 1
22042 1
22232 1
22422 1
22612 1
22802 1
22992 1
23182 1
23372 1
23562 1
23752 1
20331 1
20521 1
20711 1
20901 1
21091 1
21281 1
21471 1
21661 1
21851 1
22041 1
22231 1
22421 1
22611 1
22801 1
22991 1
23181 1
23371 1
23561 1
23751 1
4180 6
4522 6
4864 6
5206 6
5548 6
5890 6
6232 6
6574 6
6916 6
7258 6
7600 6
7942 6
8284 6
8626 6
8968 6
9310 6
9652 6
9994 6
10336 6
4161 6
4503 6
4845 6
5187 6
5529 6
5871 6
6213 6
6555 6
6897 6
7239 6
7581 6
7923 6
8265 6
8607 6
8949 6
9291 6
9633 6
9975 6
10317 6
4142 6
4484 6
4826 6
5168 6
5510 6
5852 6
6194 6
6536 6
6878 6
7220 6
7562 6
7904 6
8246 6
8588 6
8930 6
9272 6
9614 6
9956 6
10298 6
4123 6
4465 6
4807 6
5149 6
5491 6
5833 6
6175 6
6517 6
6859 6
7201 6
7543 6
7885 6
8227 6
8569 6
8911 6
9253 6
9595 6
9937 6
10279 6
4104 6
4446 6
4788 6
5130 6
5472 6
5814 6
6156 6
6498 6
6840 6
7182 6
7524 6
7866 6
8208 6
8550 6
8892 6
9234 6
9576 6
9918 6
10260 6
4085 6
4427 6
4769 6
5111 6
5453 6
5795 6
6137 6
6479 6
6821 6
7163 6
7505 6
7847 6
8189 6
8531 6
8873 6
9215 6
9557 6
9899 6
10241 6
4066 6
4408 6
4750 6
5092 6
5434 6
5776 6
6118 6
6460 6
6802 6
7144 6
7486 6
7828 6
8170 6
8512 6
8854 6
9196 6
9538 6
9880 6
10222 6
4047 6
4389 6
4731 6
5073 6
5415 6
5757 6
6099 6
6441 6
6783 6
7125 6
7467 6
7809 6
8151 6
8493 6
8835 6
9177 6
9519 6
9861 6
10203 6
4028 6
4370 6
4712 6
5054 6
5396 6
5738 6
6080 6
6422 6
6764 6
7106 6
7448 6
7790 6
8132 6
8474 6
8816 6
9158 6
9500 6
9842 6
10184 6
4009 6
4351 6
4693 6
5035 6
5377 6
5719 6
6061 6
6403 6
6745 6
7087 6
7429 6
7771 6
8113 6
8455 6
8797 6
9139 6
9481 6
9823 6
10165 6
3990 6
4332 6
4674 6
5016 6
5358 6
5700 6
6042 6
6384 6
6726 6
7068 6
7410 6
7752 6
8094 6
8436 6
8778 6
9120 6
9462 6
9804 6
10146 6
3971 6
4313 6
4655 6
4997 6
5339 6
5681 6
6023 6
6365 6
6707 6
7049 6
7391 6
7733 6
8075 6
8417 6
8759 6
9101 6
9443 6
9785 6
10127 6
3952 6
4294 6
4636 6
4978 6
5320 6
5662 6
6004 6
6346 6
6688 6
7030 6
7372 6
7714 6
8056 6
8398 6
8740 6
9082 6
9424 6
9766 6
10108 6
3933 6
4275 6
4617 6
4959 6
5301 6
5643 6
5985 6
6327 6
6669 6
7011 6
7353 6
7695 6
8037 6
8379 6
8721 6
9063 6
9405 6
9747 6
10089 6
3914 6
4256 6
4598 6
4940 6
5282 6
5624 6
5966 6
6308 6
6650 6
6992 6
7334 6
7676 6
8018 6
8360 6
8702 6
9044 6
9386 6
9728 6
10070 6
3895 6
4237 6
4579 6
4921 6
5263 6
5605 6
5947 6
6289 6
6631 6
6973 6
7315 6
7657 6
7999 6
8341 6
8683 6
9025 6
9367 6
9709 6
10051 6
3876 6
4218 6
4560 6
4902 6
5244 6
5586 6
5928 6
6270 6
6612 6
6954 6
7296 6
7638 6
7980 6
8322 6
8664 6
9006 6
9348 6
9690 6
10032 6
3857 6
4199 6
4541 6
4883 6
5225 6
5567 6
5909 6
6251 6
6593 6
6935 6
7277 6
7619 6
7961 6
8303 6
8645 6
8987 6
9329 6
9671 6
10013 6
39957 4
39956 4
39955 4
39954 4
39953 4
39952 4
39951 4
39950 4
39949 4
39948 4
39947 4
39946 4
39945 4
39944 4
39943 4
39942 4
39941 4
39940 4
39939 4
39976 4
39975 4
39974 4
39973 4
39972 4
39971 4
39970 4
39969 4
39968 4
39967 4
39966 4
39965 4
39964 4
39963 4
39962 4
39961 4
39960 4
39959 4
39958 4
39995 4
39994 4
39993 4
39992 4
39991 4
39990 4
39989 4
39988 4
39987 4
39986 4
39985 4
39984 4
39983 4
39982 4
39981 4
39980 4
39979 4
39978 4
39977 4
40014 4
40013 4
40012 4
40011 4
40010 4
40009 4
40008 4
40007 4
40006 4
40005 4
40004 4
40003 4
40002 4
40001 4
40000 4
39999 4
39998 4
39997 4
39996 4
40033 4
40032 4
40031 4
40030 4
40029 4
40028 4
40027 4
40026 4
40025 4
40024 4
40023 4
40022 4
40021 4
40020 4
40019 4
40018 4
40017 4
40016 4
40015 4
40052 4
40051 4
40050 4
40049 4
40048 4
40047 4
40046 4
40045 4
40044 4
40043 4
40042 4
40041 4
40040 4
40039 4
40038 4
40037 4
40036 4
40035 4
40034 4
40071 4
40070 4
40069 4
40068 4
40067 4
40066 4
40065 4
40064 4
40063 4
40062 4
40061 4
40060 4
40059 4
40058 4
40057 4
40056 4
40055 4
40054 4
40053 4
40090 4
40089 4
40088 4
40087 4
40086 4
40085 4
40084 4
40083 4
40082 4
40081 4
40080 4
40079 4
40078 4
40077 4
40076 4
40075 4
40074 4
40073 4
40072 4
40109 4
40108 4
40107 4
40106 4
40105 4
40104 4
40103 4
40102 4
40101 4
40100 4
40099 4
40098 4
40097 4
40096 4
40095 4
40094 4
40093 4
40092 4
40091 4
40128 4
40127 4
40126 4
40125 4
40124 4
40123 4
40122 4
40121 4
40120 4
40119 4
40118 4
40117 4
40116 4
40115 4
40114 4
40113 4
40112 4
40111 4
40110 4
40147 4
40146 4
40145 4
40144 4
40143 4
40142 4
40141 4
40140 4
40139 4
40138 4
40137 4
40136 4
40135 4
40134 4
40133 4
40132 4
40131 4
40130 4
40129 4
40166 4
40165 4
40164 4
40163 4
40162 4
40161 4
40160 4
40159 4
40158 4
40157 4
40156 4
40155 4
40154 4
40153 4
40152 4
40151 4
40150 4
40149 4
40148 4
40185 4
40184 4
40183 4
40182 4
40181 4
40180 4
40179 4
40178 4
40177 4
40176 4
40175 4
40174 4
40173 4
40172 4
40171 4
40170 4
40169 4
40168 4
40167 4
40204 4
40203 4
40202 4
40201 4
40200 4
40199 4
40198 4
40197 4
40196 4
40195 4
40194 4
40193 4
40192 4
40191 4
40190 4
40189 4
40188 4
40187 4
40186 4
40223 4
40222 4
40221 4
40220 4
40219 4
40218 4
40217 4
40216 4
40215 4
40214 4
40213 4
40212 4
40211 4
40210 4
40209 4
40208 4
40207 4
40206 4
40205 4
40242 4
40241 4
40240 4
40239 4
40238 4
40237 4
40236 4
40235 4
40234 4
40233 4
40232 4
40231 4
40230 4
40229 4
40228 4
40227 4
40226 4
40225 4
40224 4
40261 4
40260 4
40259 4
40258 4
40257 4
40256 4
40255 4
40254 4
40253 4
40252 4
40251 4
40250 4
40249 4
40248 4
40247 4
40246 4
40245 4
40244 4
40243 4
40280 4
40279 4
40278 4
40277 4
40276 4
40275 4
40274 4
40273 4
40272 4
40271 4
40270 4
40269 4
40268 4
40267 4
40266 4
40265 4
40264 4
40263 4
40262 4
34637 4
34636 4
34635 4
34634 4
34633 4
34632 4
34631 4
34630 4
34629 4
34628 4
34627 4
34626 4
34625 4
34624 4
34623 4
34622 4
34621 4
34620 4
34619 4
34656 4
34655 4
34654 4
34653 4
34652 4
34651 4
34650 4
34649 4
34648 4
34647 4
34646 4
34645 4
34644 4
34643 4
34642 4
34641 4
34640 4
34639 4
34638 4
34675 4
34674 4
34673 4
34672 4
34671 4
34670 4
34669 4
34668 4
34667 4
34666 4
34665 4
34664 4
34663 4
34662 4
34661 4
34660 4
34659 4
34658 4
34657 4
34694 4
34693 4
34692 4
34691 4
34690 4
34689 4
34688 4
34687 4
34686 4
34685 4
34684 4
34683 4
34682 4
34681 4
34680 4
34679 4
34678 4
34677 4
34676 4
34713 4
34712 4
34711 4
34710 4
34709 4
34708 4
34707 4
34706 4
34705 4
34704 4
34703 4
34702 4
34701 4
34700 4
34699 4
34698 4
34697 4
34696 4
34695 4
34732 4
34731 4
34730 4
34729 4
34728 4
34727 4
34726 4
34725 4
34724 4
34723 4
34722 4
34721 4
34720 4
34719 4
34718 4
34717 4
34716 4
34715 4
34714 4
34751 4
34750 4
34749 4
34748 4
34747 4
34746 4
34745 4
34744 4
34743 4
34742 4
34741 4
34740 4
34739 4
34738 4
34737 4
34736 4
34735 4
34734 4
34733 4
34770 4
34769 4
34768 4
34767 4
34766 4
34765 4
34764 4
34763 4
34762 4
34761 4
34760 4
34759 4
34758 4
34757 4
34756 4
34755 4
34754 4
34753 4
34752 4
34789 4
34788 4
34787 4
34786 4
34785 4
34784 4
34783 4
34782 4
34781 4
34780 4
34779 4
34778 4
34777 4
34776 4
34775 4
34774 4
34773 4
34772 4
34771 4
34808 4
34807 4
34806 4
34805 4
34804 4
34803 4
34802 4
34801 4
34800 4
34799 4
34798 4
34797 4
34796 4
34795 4
34794 4
34793 4
34792 4
34791 4
34790 4
32984 3
32623 3
32262 3
31901 3
31540 3
31179 3
30818 3
30457 3
30096 3
29735 3
29374 3
29013 3
28652 3
28291 3
27930 3
27569 3
27208 3
26847 3
26486 3
32983 3
32622 3
32261 3
31900 3
31539 3
31178 3
30817 3
30456 3
30095 3
29734 3
29373 3
29012 3
28651 3
28290 3
27929 3
27568 3
27207 3
26846 3
26485 3
32982 3
32621 3
32260 3
31899 3
31538 3
31177 3
30816 3
30455 3
30094 3
29733 3
29372 3
29011 3
28650 3
28289 3
27928 3
27567 3
27206 3
26845 3
26484 3
32981 3
32620 3
32259 3
31898 3
31537 3
31176 3
30815 3
30454 3
30093 3
29732 3
29371 3
29010 3
28649 3
28288 3
27927 3
27566 3
27205 3
26844 3
26483 3
32980 3
32619 3
32258 3
31897 3
31536 3
31175 3
30814 3
30453 3
30092 3
29731 3
29370 3
29009 3
28648 3
28287 3
27926 3
27565 3
27204 3
26843 3
26482 3
32979 3
32618 3
32257 3
31896 3
31535 3
31174 3
30813 3
30452 3
30091 3
29730 3
29369 3
29008 3
28647 3
28286 3
27925 3
27564 3
27203 3
26842 3
26481 3
32978 3
32617 3
32256 3
31895 3
31534 3
31173 3
30812 3
30451 3
30090 3
29729 3
29368 3
29007 3
28646 3
28285 3
27924 3
27563 3
27202 3
26841 3
26480 3
32977 3
32616 3
32255 3
31894 3
31533 3
31172 3
30811 3
30450 3
30089 3
29728 3
29367 3
29006 3
28645 3
28284 3
27923 3
27562 3
27201 3
26840 3
26479 3
32976 3
32615 3
32254 3
31893 3
31532 3
31171 3
30810 3
30449 3
30088 3
29727 3
29366 3
29005 3
28644 3
28283 3
27922 3
27561 3
27200 3
26839 3
26478 3
32975 3
32614 3
32253 3
31892 3
31531 3
31170 3
30809 3
30448 3
30087 3
29726 3
29365 3
29004 3
28643 3
28282 3
27921 3
27560 3
27199 3
26838 3
26477 3
32974 3
32613 3
32252 3
31891 3
31530 3
31169 3
30808 3
30447 3
30086 3
29725 3
29364 3
29003 3
28642 3
28281 3
27920 3
27559 3
27198 3
26837 3
26476 3
32973 3
32612 3
32251 3
31890 3
31529 3
31168 3
30807 3
30446 3
30085 3
29724 3
29363 3
29002 3
28641 3
28280 3
27919 3
27558 3
27197 3
26836 3
26475 3
32972 3
32611 3
32250 3
31889 3
31528 3
31167 3
30806 3
30445 3
30084 3
29723 3
29362 3
29001 3
28640 3
28279 3
27918 3
27557 3
27196 3
26835 3
26474 3
32971 3
32610 3
32249 3
31888 3
31527 3
31166 3
30805 3
30444 3
30083 3
29722 3
29361 3
29000 3
28639 3
28278 3
27917 3
27556 3
27195 3
26834 3
26473 3
32970 3
32609 3
32248 3
31887 3
31526 3
31165 3
30804 3
30443 3
30082 3
29721 3
29360 3
28999 3
28638 3
28277 3
27916 3
27555 3
27194 3
26833 3
26472 3
32969 3
32608 3
32247 3
31886 3
31525 3
31164 3
30803 3
30442 3
30081 3
29720 3
29359 3
28998 3
28637 3
28276 3
27915 3
27554 3
27193 3
26832 3
26471 3
32968 3
32607 3
32246 3
31885 3
31524 3
31163 3
30802 3
30441 3
30080 3
29719 3
29358 3
28997 3
28636 3
28275 3
27914 3
27553 3
27192 3
26831 3
26470 3
32967 3
32606 3
32245 3
31884 3
31523 3
31162 3
30801 3
30440 3
30079 3
29718 3
29357 3
28996 3
28635 3
28274 3
27913 3
27552 3
27191 3
26830 3
26469 3
32966 3
32605 3
32244 3
31883 3
31522 3
31161 3
30800 3
30439 3
30078 3
29717 3
29356 3
28995 3
28634 3
28273 3
27912 3
27551 3
27190 3
26829 3
26468 3
