1786
1084 2
1085 2
1086 2
1087 2
1088 2
1089 2
1090 2
1091 2
1092 2
1093 2
1094 2
1095 2
1096 2
1097 2
1098 2
1099 2
1100 2
1101 2
1102 2
1103 2
1104 2
1105 2
1106 2
1107 2
1108 2
1109 2
1110 2
1111 2
1112 2
1113 2
1114 2
1115 2
1116 2
1117 2
1118 2
1119 2
1120 2
1121 2
1122 2
1123 2
1124 2
1125 2
1126 2
1127 2
1128 2
1129 2
1130 2
1131 2
1132 2
1133 2
1134 2
1135 2
1136 2
1137 2
1138 2
1139 2
1140 2
1141 2
1142 2
1143 2
1144 2
1145 2
1146 2
1147 2
1148 2
1149 2
1150 2
1151 2
1152 2
1153 2
1154 2
1155 2
1156 2
1157 2
1158 2
1159 2
1160 2
1161 2
1162 2
1163 2
1164 2
1165 2
1166 2
1167 2
1168 2
1169 2
1170 2
1171 2
1172 2
1173 2
1174 2
1175 2
1176 2
1177 2
1178 2
1179 2
1180 2
1181 2
1182 2
1183 2
1184 2
1185 2
1186 2
1187 2
1188 2
1189 2
1190 2
1191 2
1192 2
1193 2
1194 2
1195 2
1196 2
1197 2
1198 2
1199 2
1200 2
1201 2
1202 2
1203 2
1204 2
1205 2
1206 2
1207 2
1208 2
1209 2
1210 2
1211 2
1212 2
1213 2
1214 2
1215 2
1216 2
1217 2
1218 2
1219 2
1220 2
1221 2
1222 2
1223 2
1224 2
1225 2
1226 2
1227 2
1228 2
1229 2
1230 2
1231 2
1232 2
1233 2
1234 2
1235 2
1236 2
1237 2
1238 2
1239 2
1240 2
1241 2
1242 2
1243 2
1244 2
1245 2
1246 2
1247 2
1248 2
1249 2
1250 2
1251 2
1252 2
1253 2
1254 2
1255 2
1256 2
1257 2
1258 2
1259 2
1260 2
1261 2
1262 2
1263 2
1264 2
1265 2
1266 2
1267 2
1268 2
1269 2
1270 2
1271 2
1272 2
1273 2
1274 2
1275 2
1276 2
1277 2
1278 2
1279 2
1280 2
1281 2
1282 2
1283 2
1284 2
1285 2
1286 2
1287 2
1288 2
1289 2
1290 2
1291 2
1292 2
1293 2
1294 2
1295 2
1296 2
1297 2
1298 2
1299 2
1300 2
1301 2
1302 2
1303 2
1304 2
1305 2
1306 2
1307 2
1308 2
1309 2
1310 2
1311 2
1312 2
1313 2
1314 2
1315 2
1316 2
1317 2
1318 2
1319 2
1320 2
1321 2
1322 2
1323 2
1324 2
1325 2
1326 2
1327 2
1328 2
1329 2
1330 2
1331 2
1332 2
1333 2
1334 2
1335 2
1336 2
1337 2
1338 2
1339 2
1340 2
1341 2
1342 2
1343 2
1344 2
1345 2
1346 2
1347 2
1348 2
1349 2
1350 2
1351 2
1352 2
1353 2
1354 2
1355 2
1356 2
1357 2
1358 2
1359 2
1360 2
1361 2
1362 2
1363 2
1364 2
1365 2
1366 2
1367 2
1368 2
1369 2
1370 2
1371 2
1372 2
1373 2
1374 2
1375 2
1376 2
1377 2
1378 2
1379 2
1380 2
1381 2
1382 2
1383 2
1384 2
1385 2
1386 2
1387 2
1388 2
1389 2
1390 2
1391 2
1392 2
1393 2
1394 2
1395 2
1396 2
1397 2
1398 2
1399 2
1400 2
1401 2
1402 2
1403 2
1404 2
1405 2
1406 2
1407 2
1408 2
1409 2
1410 2
1411 2
1412 2
1413 2
1414 2
1415 2
1416 2
1417 2
1418 2
1419 2
1420 2
1421 2
1422 2
1423 2
1424 2
1425 2
1426 2
1427 2
1428 2
1429 2
1430 2
1431 2
1432 2
1433 2
1434 2
1435 2
1436 2
1437 2
1438 2
1439 2
1440 2
1441 2
1442 2
1443 2
1444 2
19 4
18 4
17 4
16 4
15 4
14 4
13 4
12 4
11 4
10 4
9 4
8 4
7 4
6 4
5 4
4 4
3 4
2 4
1 4
38 4
37 4
36 4
35 4
34 4
33 4
32 4
31 4
30 4
29 4
28 4
27 4
26 4
25 4
24 4
23 4
22 4
21 4
20 4
57 4
56 4
55 4
54 4
53 4
52 4
51 4
50 4
49 4
48 4
47 4
46 4
45 4
44 4
43 4
42 4
41 4
40 4
39 4
76 4
75 4
74 4
73 4
72 4
71 4
70 4
69 4
68 4
67 4
66 4
65 4
64 4
63 4
62 4
61 4
60 4
59 4
58 4
95 4
94 4
93 4
92 4
91 4
90 4
89 4
88 4
87 4
86 4
85 4
84 4
83 4
82 4
81 4
80 4
79 4
78 4
77 4
114 4
113 4
112 4
111 4
110 4
109 4
108 4
107 4
106 4
105 4
104 4
103 4
102 4
101 4
100 4
99 4
98 4
97 4
96 4
133 4
132 4
131 4
130 4
129 4
128 4
127 4
126 4
125 4
124 4
123 4
122 4
121 4
120 4
119 4
118 4
117 4
116 4
115 4
152 4
151 4
150 4
149 4
148 4
147 4
146 4
145 4
144 4
143 4
142 4
141 4
140 4
139 4
138 4
137 4
136 4
135 4
134 4
171 4
170 4
169 4
168 4
167 4
166 4
165 4
164 4
163 4
162 4
161 4
160 4
159 4
158 4
157 4
156 4
155 4
154 4
153 4
190 4
189 4
188 4
187 4
186 4
185 4
184 4
183 4
182 4
181 4
180 4
179 4
178 4
177 4
176 4
175 4
174 4
173 4
172 4
209 4
208 4
207 4
206 4
205 4
204 4
203 4
202 4
201 4
200 4
199 4
198 4
197 4
196 4
195 4
194 4
193 4
192 4
191 4
228 4
227 4
226 4
225 4
224 4
223 4
222 4
221 4
220 4
219 4
218 4
217 4
216 4
215 4
214 4
213 4
212 4
211 4
210 4
247 4
246 4
245 4
244 4
243 4
242 4
241 4
240 4
239 4
238 4
237 4
236 4
235 4
234 4
233 4
232 4
231 4
230 4
229 4
266 4
265 4
264 4
263 4
262 4
261 4
260 4
259 4
258 4
257 4
256 4
255 4
254 4
253 4
252 4
251 4
250 4
249 4
248 4
285 4
284 4
283 4
282 4
281 4
280 4
279 4
278 4
277 4
276 4
275 4
274 4
273 4
272 4
271 4
270 4
269 4
268 4
267 4
304 4
303 4
302 4
301 4
300 4
299 4
298 4
297 4
296 4
295 4
294 4
293 4
292 4
291 4
290 4
289 4
288 4
287 4
286 4
323 4
322 4
321 4
320 4
319 4
318 4
317 4
316 4
315 4
314 4
313 4
312 4
311 4
310 4
309 4
308 4
307 4
306 4
305 4
342 4
341 4
340 4
339 4
338 4
337 4
336 4
335 4
334 4
333 4
332 4
331 4
330 4
329 4
328 4
327 4
326 4
325 4
324 4
361 4
360 4
359 4
358 4
357 4
356 4
355 4
354 4
353 4
352 4
351 4
350 4
349 4
348 4
347 4
346 4
345 4
344 4
343 4
19361 1
19341 1
19321 1
19301 1
19281 1
19261 1
19241 1
19221 1
19201 1
19181 1
19161 1
19141 1
19121 1
19101 1
19081 1
19061 1
19041 1
19021 1
19001 1
19362 1
19342 1
19322 1
19302 1
19282 1
19262 1
19242 1
19222 1
19202 1
19182 1
19162 1
19142 1
19122 1
19102 1
19082 1
19062 1
19042 1
19022 1
19002 1
19363 1
19343 1
19323 1
19303 1
19283 1
19263 1
19243 1
19223 1
19203 1
19183 1
19163 1
19143 1
19123 1
19103 1
19083 1
19063 1
19043 1
19023 1
19003 1
19364 1
19344 1
19324 1
19304 1
19284 1
19264 1
19244 1
19224 1
19204 1
19184 1
19164 1
19144 1
19124 1
19104 1
19084 1
19064 1
19044 1
19024 1
19004 1
19365 1
19345 1
19325 1
19305 1
19285 1
19265 1
19245 1
19225 1
19205 1
19185 1
19165 1
19145 1
19125 1
19105 1
19085 1
19065 1
19045 1
19025 1
19005 1
19366 1
19346 1
19326 1
19306 1
19286 1
19266 1
19246 1
19226 1
19206 1
19186 1
19166 1
19146 1
19126 1
19106 1
19086 1
19066 1
19046 1
19026 1
19006 1
19367 1
19347 1
19327 1
19307 1
19287 1
19267 1
19247 1
19227 1
19207 1
19187 1
19167 1
19147 1
19127 1
19107 1
19087 1
19067 1
19047 1
19027 1
19007 1
19368 1
19348 1
19328 1
19308 1
19288 1
19268 1
19248 1
19228 1
19208 1
19188 1
19168 1
19148 1
19128 1
19108 1
19088 1
19068 1
19048 1
19028 1
19008 1
19369 1
19349 1
19329 1
19309 1
19289 1
19269 1
19249 1
19229 1
19209 1
19189 1
19169 1
19149 1
19129 1
19109 1
19089 1
19069 1
19049 1
19029 1
19009 1
19370 1
19350 1
19330 1
19310 1
19290 1
19270 1
19250 1
19230 1
19210 1
19190 1
19170 1
19150 1
19130 1
19110 1
19090 1
19070 1
19050 1
19030 1
19010 1
24140 2
24150 2
24160 2
24170 2
24180 2
24190 2
24200 2
24210 2
24220 2
24230 2
24240 2
24250 2
24260 2
24270 2
24280 2
24290 2
24300 2
24310 2
24320 2
24139 2
24149 2
24159 2
24169 2
24179 2
24189 2
24199 2
24209 2
24219 2
24229 2
24239 2
24249 2
24259 2
24269 2
24279 2
24289 2
24299 2
24309 2
24319 2
24138 2
24148 2
24158 2
24168 2
24178 2
24188 2
24198 2
24208 2
24218 2
24228 2
24238 2
24248 2
24258 2
24268 2
24278 2
24288 2
24298 2
24308 2
24318 2
24137 2
24147 2
24157 2
24167 2
24177 2
24187 2
24197 2
24207 2
24217 2
24227 2
24237 2
24247 2
24257 2
24267 2
24277 2
24287 2
24297 2
24307 2
24317 2
24136 2
24146 2
24156 2
24166 2
24176 2
24186 2
24196 2
24206 2
24216 2
24226 2
24236 2
24246 2
24256 2
24266 2
24276 2
24286 2
24296 2
24306 2
24316 2
24135 2
24145 2
24155 2
24165 2
24175 2
24185 2
24195 2
24205 2
24215 2
24225 2
24235 2
24245 2
24255 2
24265 2
24275 2
24285 2
24295 2
24305 2
24315 2
24134 2
24144 2
24154 2
24164 2
24174 2
24184 2
24194 2
24204 2
24214 2
24224 2
24234 2
24244 2
24254 2
24264 2
24274 2
24284 2
24294 2
24304 2
24314 2
24133 2
24143 2
24153 2
24163 2
24173 2
24183 2
24193 2
24203 2
24213 2
24223 2
24233 2
24243 2
24253 2
24263 2
24273 2
24283 2
24293 2
24303 2
24313 2
24132 2
24142 2
24152 2
24162 2
24172 2
24182 2
24192 2
24202 2
24212 2
24222 2
24232 2
24242 2
24252 2
24262 2
24272 2
24282 2
24292 2
24302 2
24312 2
24131 2
24141 2
24151 2
24161 2
24171 2
24181 2
24191 2
24201 2
24211 2
24221 2
24231 2
24241 2
24251 2
24261 2
24271 2
24281 2
24291 2
24301 2
24311 2
33649 1
33648 1
33647 1
33646 1
33645 1
33644 1
33643 1
33642 1
33641 1
33640 1
33639 1
33638 1
33637 1
33636 1
33635 1
33634 1
33633 1
33632 1
33631 1
33611 1
33610 1
33609 1
33608 1
33607 1
33606 1
33605 1
33604 1
33603 1
33602 1
33601 1
33600 1
33599 1
33598 1
33597 1
33596 1
33595 1
33594 1
33593 1
33573 1
33572 1
33571 1
33570 1
33569 1
33568 1
33567 1
33566 1
33565 1
33564 1
33563 1
33562 1
33561 1
33560 1
33559 1
33558 1
33557 1
33556 1
33555 1
33535 1
33534 1
33533 1
33532 1
33531 1
33530 1
33529 1
33528 1
33527 1
33526 1
33525 1
33524 1
33523 1
33522 1
33521 1
33520 1
33519 1
33518 1
33517 1
33497 1
33496 1
33495 1
33494 1
33493 1
33492 1
33491 1
33490 1
33489 1
33488 1
33487 1
33486 1
33485 1
33484 1
33483 1
33482 1
33481 1
33480 1
33479 1
33459 1
33458 1
33457 1
33456 1
33455 1
33454 1
33453 1
33452 1
33451 1
33450 1
33449 1
33448 1
33447 1
33446 1
33445 1
33444 1
33443 1
33442 1
33441 1
33421 1
33420 1
33419 1
33418 1
33417 1
33416 1
33415 1
33414 1
33413 1
33412 1
33411 1
33410 1
33409 1
33408 1
33407 1
33406 1
33405 1
33404 1
33403 1
33383 1
33382 1
33381 1
33380 1
33379 1
33378 1
33377 1
33376 1
33375 1
33374 1
33373 1
33372 1
33371 1
33370 1
33369 1
33368 1
33367 1
33366 1
33365 1
33345 1
33344 1
33343 1
33342 1
33341 1
33340 1
33339 1
33338 1
33337 1
33336 1
33335 1
33334 1
33333 1
33332 1
33331 1
33330 1
33329 1
33328 1
33327 1
33307 1
33306 1
33305 1
33304 1
33303 1
33302 1
33301 1
33300 1
33299 1
33298 1
33297 1
33296 1
33295 1
33294 1
33293 1
33292 1
33291 1
33290 1
33289 1
33269 1
33268 1
33267 1
33266 1
33265 1
33264 1
33263 1
33262 1
33261 1
33260 1
33259 1
33258 1
33257 1
33256 1
33255 1
33254 1
33253 1
33252 1
33251 1
33231 1
33230 1
33229 1
33228 1
33227 1
33226 1
33225 1
33224 1
33223 1
33222 1
33221 1
33220 1
33219 1
33218 1
33217 1
33216 1
33215 1
33214 1
33213 1
33193 1
33192 1
33191 1
33190 1
33189 1
33188 1
33187 1
33186 1
33185 1
33184 1
33183 1
33182 1
33181 1
33180 1
33179 1
33178 1
33177 1
33176 1
33175 1
33155 1
33154 1
33153 1
33152 1
33151 1
33150 1
33149 1
33148 1
33147 1
33146 1
33145 1
33144 1
33143 1
33142 1
33141 1
33140 1
33139 1
33138 1
33137 1
33117 1
33116 1
33115 1
33114 1
33113 1
33112 1
33111 1
33110 1
33109 1
33108 1
33107 1
33106 1
33105 1
33104 1
33103 1
33102 1
33101 1
33100 1
33099 1
33079 1
33078 1
33077 1
33076 1
33075 1
33074 1
33073 1
33072 1
33071 1
33070 1
33069 1
33068 1
33067 1
33066 1
33065 1
33064 1
33063 1
33062 1
33061 1
33041 1
33040 1
33039 1
33038 1
33037 1
33036 1
33035 1
33034 1
33033 1
33032 1
33031 1
33030 1
33029 1
33028 1
33027 1
33026 1
33025 1
33024 1
33023 1
33003 1
33002 1
33001 1
33000 1
32999 1
32998 1
32997 1
32996 1
32995 1
32994 1
32993 1
32992 1
32991 1
32990 1
32989 1
32988 1
32987 1
32986 1
32985 1
2092 6
2054 6
2016 6
1978 6
1940 6
1902 6
1864 6
1826 6
1788 6
1750 6
1712 6
1674 6
1636 6
1598 6
1560 6
1522 6
1484 6
1446 6
2094 6
2056 6
2018 6
1980 6
1942 6
1904 6
1866 6
1828 6
1790 6
1752 6
1714 6
1676 6
1638 6
1600 6
1562 6
1524 6
1486 6
1448 6
2096 6
2058 6
2020 6
1982 6
1944 6
1906 6
1868 6
1830 6
1792 6
1754 6
1716 6
1678 6
1640 6
1602 6
1564 6
1526 6
1488 6
1450 6
2098 6
2060 6
2022 6
1984 6
1946 6
1908 6
1870 6
1832 6
1794 6
1756 6
1718 6
1680 6
1642 6
1604 6
1566 6
1528 6
1490 6
1452 6
2100 6
2062 6
2024 6
1986 6
1948 6
1910 6
1872 6
1834 6
1796 6
1758 6
1720 6
1682 6
1644 6
1606 6
1568 6
1530 6
1492 6
1454 6
2102 6
2064 6
2026 6
1988 6
1950 6
1912 6
1874 6
1836 6
1798 6
1760 6
1722 6
1684 6
1646 6
1608 6
1570 6
1532 6
1494 6
1456 6
2104 6
2066 6
2028 6
1990 6
1952 6
1914 6
1876 6
1838 6
1800 6
1762 6
1724 6
1686 6
1648 6
1610 6
1572 6
1534 6
1496 6
1458 6
2106 6
2068 6
2030 6
1992 6
1954 6
1916 6
1878 6
1840 6
1802 6
1764 6
1726 6
1688 6
1650 6
1612 6
1574 6
1536 6
1498 6
1460 6
2108 6
2070 6
2032 6
1994 6
1956 6
1918 6
1880 6
1842 6
1804 6
1766 6
1728 6
1690 6
1652 6
1614 6
1576 6
1538 6
1500 6
1462 6
2110 6
2072 6
2034 6
1996 6
1958 6
1920 6
1882 6
1844 6
1806 6
1768 6
1730 6
1692 6
1654 6
1616 6
1578 6
1540 6
1502 6
1464 6
2112 6
2074 6
2036 6
1998 6
1960 6
1922 6
1884 6
1846 6
1808 6
1770 6
1732 6
1694 6
1656 6
1618 6
1580 6
1542 6
1504 6
1466 6
2114 6
2076 6
2038 6
2000 6
1962 6
1924 6
1886 6
1848 6
1810 6
1772 6
1734 6
1696 6
1658 6
1620 6
1582 6
1544 6
1506 6
1468 6
2116 6
2078 6
2040 6
2002 6
1964 6
1926 6
1888 6
1850 6
1812 6
1774 6
1736 6
1698 6
1660 6
1622 6
1584 6
1546 6
1508 6
1470 6
2118 6
2080 6
2042 6
2004 6
1966 6
1928 6
1890 6
1852 6
1814 6
1776 6
1738 6
1700 6
1662 6
1624 6
1586 6
1548 6
1510 6
1472 6
2120 6
2082 6
2044 6
2006 6
1968 6
1930 6
1892 6
1854 6
1816 6
1778 6
1740 6
1702 6
1664 6
1626 6
1588 6
1550 6
1512 6
1474 6
2122 6
2084 6
2046 6
2008 6
1970 6
1932 6
1894 6
1856 6
1818 6
1780 6
1742 6
1704 6
1666 6
1628 6
1590 6
1552 6
1514 6
1476 6
2124 6
2086 6
2048 6
2010 6
1972 6
1934 6
1896 6
1858 6
1820 6
1782 6
1744 6
1706 6
1668 6
1630 6
1592 6
1554 6
1516 6
1478 6
2126 6
2088 6
2050 6
2012 6
1974 6
1936 6
1898 6
1860 6
1822 6
1784 6
1746 6
1708 6
1670 6
1632 6
1594 6
1556 6
1518 6
1480 6
2128 6
2090 6
2052 6
2014 6
1976 6
1938 6
1900 6
1862 6
1824 6
1786 6
1748 6
1710 6
1672 6
1634 6
1596 6
1558 6
1520 6
1482 6
