  -5.00000000000000       0.000000000000000E+000  0.000000000000000E+000
          50
33669  5  1  0  0  1
33688  5  0  0  0  1
33707  5  0  0  0  1
33726  5  0  0  0  1
33745  5  0  0  0  1
33764  5  0  0  0  1
33783  5  0  0  0  1
33802  5  0  0  0  1
33821  5  0  0  0  1
33840  5  0  0  1  1
33859  5  1  0  0  0
33878  5  0  0  0  0
33897  5  0  0  0  0
33916  5  0  0  0  0
33935  5  0  0  0  0
33954  5  0  0  0  0
33973  5  0  0  0  0
33992  5  0  0  0  0
34011  5  0  0  0  0
34030  5  0  0  1  0
34049  5  1  0  0  0
34068  5  0  0  0  0
34087  5  0  0  0  0
34106  5  0  0  0  0
34125  5  0  0  0  0
34144  5  0  0  0  0
34163  5  0  0  0  0
34182  5  0  0  0  0
34201  5  0  0  0  0
34220  5  0  0  1  0
34239  5  1  0  0  0
34258  5  0  0  0  0
34277  5  0  0  0  0
34296  5  0  0  0  0
34315  5  0  0  0  0
34334  5  0  0  0  0
34353  5  0  0  0  0
34372  5  0  0  0  0
34391  5  0  0  0  0
34410  5  0  0  1  0
34429  5  1  1  0  0
34448  5  0  1  0  0
34467  5  0  1  0  0
34486  5  0  1  0  0
34505  5  0  1  0  0
34524  5  0  1  0  0
34543  5  0  1  0  0
34562  5  0  1  0  0
34581  5  0  1  0  0
34600  5  0  1  1  0
